year,p1,p2,p3,p4,p5,p6,p7,p8,p9,p10,p11,p12,p13,p14,p15,p16,p17,p18,p19,p20,p21,p22,p23,p24,p25,p26,p27,p28,p29,p30,p31,p32,p33,p34,p35,p36,p37,p38,p39,p40,p41,p42,p43,p44,p45,p46,p47,p48,p49,p50,p51,p52,p53,p54,p55,p56,p57,p58,p59,p60,p61,p62,p63,p64,p65,p66,p67,p68,p69,p70,p71,p72,p73,p74,p75,p76,p77,p78,p79,p80,p81,p82,p83,p84,p85,p86,p87,p88,p89,p90,p91,p92,p93,p94,p95,p96,p97,p98,p99,p100,p101,p102,p103,p104,p105,p106,p107,p108,p109,p110,p111,p112,p113,p114,p115,p116,p117,p118,p119,p120,p121,p122,p123,p124,p125,p126,p127,p128,p129,p130,p131,p132,p133,p134,p135,p136,p137,p138,p139,p140,p141,p142,p143,p144,p145,p146,p147,p148,p149,p150,p151,p152,p153,p154,p155,p156,p157,p158,p159,p160,p161,p162,p163,p164,p165,p166,p167,p168,p169,p170,p171,p172,p173,p174,p175,p176,p177,p178,p179,p180,p181,p182,p183,p184,p185,p186,p187,p188,p189,p190,p191,p192,p193,p194,p195,p196,p197,p198,p199,p200,p201,p202,p203,p204,p205,p206,p207,p208,p209,p210,p211,p212,p213,p214,p215,p216,p217,p218,p219,p220,p221,p222,p223,p224,p225,p226,p227,p228,p229,p230,p231,p232,p233,p234,p235,p236,p237,p238,p239,p240,p241,p242,p243,p244,p245,p246,p247,p248,p249,p250,p251,p252,p253,p254,p255,p256,p257,p258,p259,p260,p261,p262,p263,p264,p265,p266,p267,p268,p269,p270,p271,p272,p273,p274,p275,p276,p277,p278,p279,p280,p281,p282,p283,p284,p285,p286,p287,p288,p289,p290,p291,p292,p293,p294,p295,p296,p297,p298,p299,p300,p301,p302,p303,p304,p305,p306,p307,p308,p309,p310,p311,p312,p313,p314,p315,p316,p317,p318,p319,p320,p321,p322,p323,p324,p325,p326,p327,p328,p329,p330,p331,p332,p333,p334,p335,p336,p337,p338,p339,p340,p341,p342,p343,p344,p345,p346,p347,p348,p349,p350,p351,p352,p353,p354,p355,p356,p357,p358,p359,p360,p361,p362,p363,p364,p365,p366,p367,p368,p369,p370
1948,NaN,NaN,NaN,NaN,NaN,NaN,NaN,NaN,NaN,NaN,NaN,NaN,NaN,NaN,NaN,NaN,NaN,NaN,NaN,NaN,NaN,NaN,NaN,NaN,NaN,NaN,NaN,NaN,NaN,NaN,NaN,NaN,NaN,NaN,NaN,NaN,NaN,NaN,NaN,NaN,NaN,NaN,NaN,NaN,NaN,NaN,NaN,NaN,NaN,NaN,NaN,NaN,NaN,NaN,NaN,NaN,NaN,NaN,NaN,NaN,NaN,NaN,NaN,NaN,NaN,NaN,NaN,NaN,NaN,NaN,NaN,NaN,NaN,NaN,NaN,NaN,NaN,NaN,NaN,NaN,NaN,NaN,NaN,NaN,NaN,NaN,NaN,NaN,NaN,NaN,NaN,NaN,NaN,NaN,NaN,NaN,NaN,NaN,NaN,NaN,NaN,NaN,NaN,NaN,NaN,NaN,NaN,NaN,NaN,NaN,NaN,NaN,NaN,NaN,NaN,NaN,NaN,NaN,NaN,NaN,NaN,NaN,NaN,NaN,NaN,NaN,NaN,NaN,NaN,NaN,NaN,NaN,NaN,NaN,NaN,NaN,NaN,NaN,NaN,NaN,NaN,NaN,NaN,NaN,NaN,NaN,NaN,NaN,NaN,NaN,NaN,NaN,NaN,NaN,NaN,NaN,NaN,NaN,NaN,NaN,NaN,NaN,NaN,NaN,NaN,NaN,NaN,NaN,NaN,NaN,NaN,NaN,NaN,NaN,NaN,NaN,NaN,NaN,NaN,NaN,NaN,NaN,NaN,NaN,NaN,NaN,NaN,NaN,NaN,NaN,NaN,NaN,NaN,NaN,NaN,NaN,NaN,NaN,NaN,NaN,NaN,NaN,NaN,NaN,NaN,NaN,NaN,NaN,NaN,NaN,NaN,NaN,NaN,NaN,NaN,NaN,NaN,NaN,NaN,NaN,NaN,NaN,NaN,NaN,NaN,NaN,NaN,NaN,NaN,NaN,NaN,NaN,NaN,NaN,NaN,NaN,NaN,NaN,NaN,NaN,NaN,NaN,NaN,NaN,NaN,NaN,NaN,NaN,NaN,NaN,NaN,NaN,NaN,NaN,NaN,NaN,NaN,NaN,NaN,NaN,NaN,NaN,NaN,NaN,NaN,NaN,NaN,NaN,NaN,NaN,NaN,NaN,NaN,NaN,NaN,NaN,NaN,NaN,NaN,NaN,NaN,NaN,NaN,NaN,NaN,NaN,NaN,NaN,NaN,NaN,NaN,NaN,NaN,NaN,NaN,NaN,NaN,NaN,NaN,NaN,NaN,NaN,NaN,NaN,NaN,NaN,NaN,NaN,NaN,NaN,NaN,NaN,NaN,NaN,NaN,NaN,NaN,NaN,NaN,NaN,NaN,NaN,NaN,NaN,NaN,NaN,NaN,NaN,NaN,NaN,NaN,NaN,NaN,NaN,NaN,NaN,NaN,NaN,NaN,NaN,NaN,NaN,NaN,NaN,NaN,NaN,NaN,NaN,NaN,NaN,NaN,NaN,NaN,NaN,NaN,NaN,NaN,NaN,NaN,NaN,NaN,NaN,NaN,NaN,NaN,NaN,NaN,NaN,NaN,NaN
1949,0.025024,0.017975,0.025544,0.034288,0.039917,0.034632,0.020666,0.015423,0.0092297,-0.013818,-0.050551,0.030796,0.023669,0.030505,0.040617,0.047641,0.045591,0.026205,0.019144,0.018818,-0.0070326,-0.051437,0.036354,0.028956,0.033289,0.040654,0.04877,0.05124,0.030372,0.015469,0.015936,-0.0066039,-0.052287,0.044794,0.035708,0.036928,0.036503,0.043526,0.049672,0.034532,0.012834,0.0088136,-0.0095835,-0.052162,-0.077247,0.055036,0.042929,0.041819,0.035018,0.037937,0.045649,0.038915,0.016876,0.0060282,-0.011826,-0.05008,-0.083615,0.062977,0.049637,0.047527,0.04055,0.039113,0.045141,0.042775,0.026554,0.011454,-0.0092952,-0.043916,-0.080685,-0.11053,0.070883,0.05655,0.052768,0.050459,0.047985,0.048602,0.045387,0.035749,0.021431,-0.0012827,-0.032486,-0.070117,-0.11343,0.080459,0.065856,0.056906,0.058587,0.05921,0.054803,0.047969,0.041221,0.029904,0.0087089,-0.019172,-0.05526,-0.10757,0.085791,0.077058,0.061656,0.062523,0.068818,0.062941,0.053364,0.044827,0.033744,0.015298,-0.0071314,-0.039809,-0.094502,0.084671,0.084277,0.068063,0.065051,0.075156,0.070764,0.060717,0.048172,0.032949,0.016328,0.001517,-0.023648,-0.074757,0.080951,0.087033,0.074052,0.069208,0.077316,0.074632,0.064617,0.050092,0.030253,0.01547,0.0063115,-0.0071919,-0.050048,0.076865,0.085768,0.079612,0.076372,0.076833,0.072699,0.0625,0.048817,0.028484,0.015147,0.0087421,0.0049483,-0.027098,0.072657,0.081302,0.083922,0.085302,0.078579,0.067531,0.056507,0.044136,0.027009,0.014747,0.0079245,0.012389,-0.0023702,0.068582,0.07616,0.084058,0.08985,0.082162,0.064552,0.05141,0.038763,0.024484,0.012174,0.0040271,0.013841,0.064244,0.072469,0.080006,0.085963,0.083345,0.066014,0.049961,0.035543,0.02076,0.007002,0.0041133,0.02374,0.059313,0.069238,0.074814,0.076294,0.078189,0.067759,0.050342,0.032945,0.015266,0.0021935,0.053314,0.065869,0.070623,0.067618,0.068543,0.06459,0.047076,0.026456,0.0068569,-0.0049295,0.044954,0.060586,0.066234,0.061872,0.058649,0.055337,0.037822,0.015165,-0.0054702,0.037301,0.053293,0.061172,0.057969,0.051604,0.043043,0.025175,0.0016778,-0.021331,0.033629,0.044841,0.053591,0.054882,0.048545,0.034719,0.015583,-0.0081972,-0.035778,0.037468,0.038837,0.044533,0.050491,0.046452,0.032175,0.012695,-0.010274,-0.041115,-0.072299,-0.062863,0.045553,0.039355,0.038339,0.043742,0.041245,0.030207,0.013972,-0.006504,-0.033849,-0.061697,0.044592,0.038552,0.034056,0.034914,0.032386,0.026031,0.015362,-5.10E-05,-0.017597,-0.032007,-0.039895,0.035973,0.033069,0.030817,0.026459,0.02469,0.023869,0.017834,0.0062893,0.0012195,0.0018448,-0.013097,0.029288,0.025383,0.025656,0.021207,0.020491,0.025685,0.022374,0.011823,0.017935,0.028132,0.0097464,0.023296,0.018861,0.020324,0.018834,0.019203,0.027467,0.025694,0.016176,0.029681,0.042172,0.021657,0.017134,0.013354,0.015424,0.015333,0.01638,0.024389,0.023496,0.018891,0.037306,0.046329,0.011399,0.007355,0.0093045,0.010978,0.010946,0.015148,0.016334,0.02159,0.04411,0.046189,0.0037499,0.0022119,0.0055559,0.0077998,0.0053641,0.0056364,0.010946,0.027948,0.052091,0.047737,-0.0065159,-0.0040581,0.0015051,0.0051106,0.002185,0.0043316,0.016714,0.039982,0.060333,-0.018334,-0.01409,-0.0066444,0.0017833,0.0054622,0.017724,0.036377,0.053242,-0.029912,-0.023835,-0.015587,-0.0027478,0.014465,0.041478,0.060124,0.059486,-0.036572,-0.023703,-0.013469,0.0019216,0.026335,0.060026,0.072342,-0.028282,-0.006111,0.0078233,0.018297,0.03309,0.059513,-0.0040994,0.019106,0.032726,0.032315,0.030634
1950,0.019077,0.012376,0.018931,0.018942,0.014314,0.0097482,0.0097292,0.0051946,-0.0088171,-0.047894,-0.09507,0.02203,0.014871,0.021476,0.020794,0.021216,0.016812,0.010486,0.0068318,-6.83E-05,-0.039958,-0.091733,0.025469,0.018101,0.022863,0.021932,0.025773,0.025073,0.013727,0.0055035,0.002479,-0.033117,-0.094015,0.031754,0.024368,0.025302,0.022879,0.026504,0.030281,0.019697,0.0062042,0.0014415,-0.027243,-0.086446,-0.10337,0.040139,0.03339,0.030464,0.025582,0.024154,0.030511,0.02438,0.010322,0.0019859,-0.021059,-0.069839,-0.10642,0.04484,0.038562,0.036323,0.029968,0.022699,0.027033,0.025295,0.017265,0.0068298,-0.015113,-0.049566,-0.087929,-0.104,0.04427,0.038237,0.039137,0.034809,0.025766,0.02408,0.023342,0.021651,0.012392,-0.010461,-0.031353,-0.067366,-0.10205,0.041259,0.035458,0.036264,0.036972,0.031574,0.024582,0.02092,0.02176,0.01433,-0.0075414,-0.02859,-0.052422,-0.098822,0.040111,0.03702,0.033571,0.035978,0.035459,0.027401,0.020328,0.019699,0.012478,-0.0068568,-0.022467,-0.036214,-0.092899,0.039914,0.0415,0.034665,0.033004,0.034587,0.028649,0.020859,0.017106,0.0075236,-0.0075732,-0.021944,-0.031911,-0.082083,0.039805,0.044851,0.038845,0.03215,0.030671,0.025799,0.019451,0.013204,0.00053064,-0.009982,-0.020964,-0.029087,-0.067476,0.040208,0.044612,0.043679,0.035853,0.028167,0.020727,0.014208,0.006606,-0.008057,-0.019253,-0.019709,-0.026801,-0.051132,0.040814,0.041996,0.045859,0.042427,0.031263,0.017505,0.0083567,-0.0016834,-0.018088,-0.037829,-0.026662,-0.025073,-0.035734,0.040569,0.039226,0.044424,0.046713,0.037907,0.019368,0.0056299,-0.0095114,-0.027651,-0.047322,-0.032767,-0.023,0.037303,0.037311,0.04134,0.044999,0.04059,0.02393,0.0057681,-0.015228,-0.032608,-0.039093,-0.034259,-0.014369,0.030267,0.03372,0.037222,0.038258,0.035388,0.025154,0.0066846,-0.017897,-0.032643,-0.037011,0.02224,0.027237,0.031668,0.029893,0.025428,0.020643,0.005095,-0.018171,-0.031757,-0.03581,0.017213,0.020979,0.02604,0.023768,0.016555,0.012853,0.00030555,-0.018519,-0.033868,0.017499,0.016622,0.02085,0.021198,0.012302,0.0058267,-0.0047855,-0.020546,-0.040059,0.02271,0.014574,0.015633,0.019487,0.010886,0.0023284,-0.0068267,-0.023402,-0.046991,0.028499,0.015046,0.011707,0.015944,0.010341,0.0019947,-0.0061059,-0.023323,-0.04683,-0.071208,-0.072826,0.031546,0.01808,0.011874,0.013683,0.0098097,0.0027322,-0.0046127,-0.018068,-0.035613,-0.055773,0.031435,0.022859,0.015968,0.013677,0.0088236,0.0039723,-0.0018329,-0.0095156,-0.017986,-0.027976,-0.046282,0.028891,0.026985,0.020961,0.013869,0.0074299,0.0066278,0.0034332,-0.00078176,-0.0011819,-0.002028,-0.020815,0.024867,0.027308,0.023579,0.013377,0.0074578,0.011409,0.010509,0.0063846,0.012378,0.017782,-0.0011598,0.020771,0.021402,0.021043,0.01279,0.0080869,0.016243,0.01668,0.012253,0.021781,0.028217,0.0070517,0.018973,0.013356,0.014942,0.012952,0.0081426,0.016336,0.018462,0.015427,0.027011,0.02945,0.019146,0.010109,0.012273,0.01606,0.0085978,0.01179,0.01542,0.018595,0.031717,0.026468,0.019364,0.012141,0.013519,0.018374,0.0099801,0.0073928,0.013776,0.025957,0.038237,0.025099,0.016505,0.014438,0.014018,0.01516,0.00914,0.0069733,0.021296,0.037842,0.045582,0.013364,0.010993,0.0086532,0.0070666,0.0067936,0.017367,0.039407,0.050179,0.011204,0.0074849,0.0027061,0.0002846,0.01061,0.03936,0.06068,0.054971,0.0093427,0.013229,0.010668,0.0095202,0.024651,0.058504,0.070092,0.011047,0.02952,0.038078,0.034191,0.039494,0.061962,0.019322,0.044804,0.061512,0.052167,0.043662
1951,0.01088,0.018048,0.040908,0.054217,0.05177,0.048672,0.053044,0.048765,0.024847,-0.032617,-0.080621,0.0073772,0.016084,0.038183,0.053071,0.056696,0.055162,0.048556,0.04616,0.036842,-0.024066,-0.094073,0.0069977,0.013529,0.029623,0.040561,0.050669,0.05806,0.046254,0.038597,0.036437,-0.020655,-0.10319,0.0094487,0.01245,0.022473,0.026142,0.038289,0.053858,0.047244,0.034294,0.031022,-0.019122,-0.10627,-0.12358,0.011178,0.012787,0.020063,0.019473,0.026877,0.045999,0.047044,0.034295,0.02588,-0.01611,-0.098855,-0.13526,0.015308,0.015377,0.022855,0.021812,0.02271,0.038159,0.042893,0.035396,0.024711,-0.010631,-0.082061,-0.13715,-0.1526,0.021196,0.019187,0.025775,0.026941,0.025588,0.033703,0.038848,0.037145,0.027414,-0.0055367,-0.062131,-0.11692,-0.15406,0.025057,0.023774,0.026825,0.030746,0.031069,0.033979,0.03811,0.038853,0.03065,-0.0029724,-0.049521,-0.09501,-0.13618,0.023134,0.026422,0.024375,0.029813,0.03416,0.036551,0.0392,0.039566,0.030474,-0.0028729,-0.037578,-0.081358,-0.12506,0.013442,0.024097,0.019812,0.02378,0.033278,0.036119,0.038579,0.038272,0.026676,-0.0038139,-0.028552,-0.064051,-0.11588,0.00093161,0.015097,0.014792,0.016095,0.026658,0.028419,0.032864,0.03321,0.020553,-0.0052227,-0.019907,-0.049437,-0.094577,-0.0076688,0.0039382,0.010509,0.012555,0.018025,0.01664,0.02278,0.025185,0.012874,-0.013424,-0.020745,-0.03667,-0.070598,-0.012297,-0.0064581,0.0061872,0.012714,0.012033,0.007074,0.011849,0.015343,0.0043764,-0.012964,-0.019975,-0.021924,-0.046442,-0.01125,-0.011771,0.00035727,0.010195,0.0073912,0.002563,0.0028088,0.0043381,-0.0033019,-0.016419,-0.015986,-0.025751,-0.010149,-0.01624,-0.010496,-0.00025138,-0.00012086,-0.00074245,-0.0036327,-0.0079264,-0.011246,-0.017639,-0.0099332,-0.0099243,-0.010461,-0.018145,-0.020139,-0.0145,-0.011881,-0.0076894,-0.011638,-0.02267,-0.021676,-0.015633,-0.01122,-0.016634,-0.021604,-0.023851,-0.022915,-0.017346,-0.022445,-0.037199,-0.034413,-0.018941,-0.0076545,-0.013827,-0.018167,-0.024691,-0.027923,-0.025306,-0.032289,-0.047829,-0.048646,-5.22E-05,-0.0092755,-0.013961,-0.021255,-0.028141,-0.0288,-0.037346,-0.052477,-0.061915,0.0067617,-0.0035573,-0.0090769,-0.016619,-0.02728,-0.029336,-0.036441,-0.051532,-0.070086,0.012908,0.0026655,-0.0040623,-0.011008,-0.022858,-0.02581,-0.030696,-0.046319,-0.067645,-0.090311,-0.079887,0.018993,0.0094333,0.0021535,-0.0056434,-0.016246,-0.019746,-0.023395,-0.037005,-0.052242,-0.070753,0.022145,0.014756,0.0086566,0.00096577,-0.011124,-0.016301,-0.019229,-0.026868,-0.031739,-0.037915,-0.053017,0.025212,0.019772,0.015886,0.0071494,-0.0072977,-0.015276,-0.019506,-0.021438,-0.013861,-0.010067,-0.027994,0.032706,0.026702,0.022082,0.011775,-0.0020899,-0.010773,-0.018087,-0.01841,-0.0018779,0.0082764,-0.0097205,0.038321,0.03143,0.024738,0.014299,0.0041569,-0.0020269,-0.011304,-0.014344,0.0046005,0.016539,-0.0021347,0.03683,0.031044,0.024938,0.016182,0.0083456,0.0048437,-0.004167,-0.0085815,0.00843,0.015969,0.033039,0.026751,0.026082,0.021344,0.011499,0.0067422,-0.00084902,-0.0010352,0.013775,0.012944,0.027313,0.022663,0.02606,0.026629,0.016083,0.0079074,0.005293,0.012098,0.023589,0.013567,0.019677,0.019142,0.021656,0.025866,0.019317,0.015311,0.021288,0.032712,0.036954,0.011742,0.013625,0.01307,0.019348,0.021281,0.031721,0.046374,0.05259,0.0032967,0.0073945,0.007686,0.01347,0.027516,0.054048,0.07032,0.061726,-0.0013947,0.008777,0.015794,0.020208,0.038029,0.070071,0.079257,0.0014763,0.022877,0.037926,0.037617,0.044366,0.070072,0.013832,0.037507,0.052747,0.04586,0.040377
1952,0.037944,0.017218,0.0070838,0.0061736,0.0081698,0.0047311,-0.009398,-0.020264,-0.034577,-0.064889,-0.101,0.043257,0.029363,0.019244,0.016851,0.019557,0.023414,0.0092427,-0.0016452,-0.012026,-0.05165,-0.096183,0.045926,0.04034,0.03294,0.027167,0.031188,0.042072,0.030792,0.015007,0.0026211,-0.044033,-0.1096,0.047868,0.052894,0.050153,0.039346,0.042554,0.057943,0.05303,0.03428,0.014565,-0.038872,-0.11618,-0.12015,0.046732,0.060455,0.066102,0.055162,0.055317,0.072312,0.07341,0.05433,0.026556,-0.030895,-0.11278,-0.14208,0.046225,0.061286,0.075491,0.071043,0.06929,0.082018,0.085089,0.070053,0.038965,-0.020549,-0.099352,-0.14947,-0.14119,0.051403,0.060158,0.076213,0.080181,0.079885,0.0854,0.086032,0.077703,0.050192,-0.010134,-0.081041,-0.13501,-0.14792,0.063034,0.065226,0.074607,0.082701,0.086032,0.086052,0.081482,0.077058,0.056237,-0.0016593,-0.07195,-0.11605,-0.14948,0.075176,0.074951,0.072251,0.078132,0.08604,0.084011,0.075104,0.071128,0.055172,0.0033619,-0.053272,-0.095952,-0.14253,0.079827,0.081875,0.072647,0.070743,0.079877,0.07901,0.068973,0.063821,0.049716,0.0068788,-0.040074,-0.072224,-0.12501,0.076085,0.0828,0.073863,0.067484,0.071847,0.070572,0.062052,0.055836,0.042376,0.011092,-0.020934,-0.050446,-0.099844,0.067938,0.077053,0.071309,0.064997,0.06379,0.058045,0.052437,0.048066,0.03455,0.011861,-0.0055736,-0.032113,-0.071867,0.060529,0.066552,0.066868,0.064259,0.058072,0.04563,0.041381,0.03933,0.025843,0.0063117,-0.00084003,-0.011973,-0.045199,0.056196,0.05767,0.0625,0.064607,0.054548,0.03853,0.030828,0.025503,0.012136,-0.0030854,0.0071008,-0.023346,0.053838,0.055175,0.059139,0.060364,0.050428,0.0353,0.020775,0.0062847,-0.0066162,-0.011007,0.0091957,-0.0073062,0.052199,0.054689,0.05486,0.051316,0.043839,0.030468,0.0096501,-0.015028,-0.027311,-0.019116,0.0487,0.051904,0.049895,0.041796,0.033118,0.020538,-0.0041059,-0.034826,-0.045853,-0.029505,0.045682,0.047478,0.045194,0.034257,0.020712,0.0070924,-0.019502,-0.051212,-0.060628,0.044175,0.042988,0.039451,0.027677,0.010516,-0.0045739,-0.032221,-0.061435,-0.071246,0.041906,0.03724,0.031051,0.020347,0.0029726,-0.01306,-0.038298,-0.063885,-0.075469,0.038922,0.029912,0.020267,0.0093229,-0.0051757,-0.019652,-0.039307,-0.060203,-0.073458,-0.077493,-0.058003,0.031317,0.021064,0.0095605,-0.0037864,-0.015612,-0.025245,-0.03884,-0.053702,-0.06435,-0.068335,0.018253,0.011002,0.0014438,-0.013699,-0.026728,-0.031751,-0.039403,-0.046533,-0.050721,-0.046597,-0.043294,0.0043282,0.0018243,-0.0048267,-0.018339,-0.031492,-0.034721,-0.038781,-0.039942,-0.034771,-0.020444,-0.023212,-0.005708,-0.0060708,-0.010068,-0.021242,-0.029184,-0.027935,-0.030822,-0.030712,-0.016556,0.0026924,-0.0058618,-0.012257,-0.013629,-0.015004,-0.02254,-0.024656,-0.017805,-0.017184,-0.017488,0.00065644,0.015296,0.0013428,-0.01935,-0.021142,-0.018675,-0.019653,-0.018132,-0.0094991,-0.0056393,-0.00412,0.013646,0.018205,-0.025536,-0.02637,-0.018157,-0.011933,-0.010202,-0.0029921,0.0039444,0.010579,0.024773,0.017749,-0.02731,-0.026012,-0.014384,-0.0036214,-0.0040646,0.00086343,0.013288,0.028167,0.0389,0.021132,-0.026183,-0.023005,-0.012304,-0.0014269,0.00018303,0.0077832,0.028411,0.048241,0.053095,-0.025598,-0.022764,-0.015139,-0.0043551,0.0063606,0.026477,0.051696,0.063718,-0.026301,-0.023228,-0.016972,-0.0044791,0.019457,0.054536,0.075799,0.067581,-0.021897,-0.012105,-0.0018984,0.012684,0.040056,0.077701,0.086915,-0.0046936,0.016072,0.03273,0.04289,0.05881,0.084484,0.022392,0.045101,0.060637,0.06119,0.064219
1953,0.0099681,-0.0031402,-0.0007622,-0.0024325,-0.018314,-0.032652,-0.050508,-0.063266,-0.072654,-0.10027,-0.13165,0.017045,0.0037936,0.0014689,0.0011039,-0.0093853,-0.023879,-0.04589,-0.054458,-0.060157,-0.098775,-0.15042,0.024716,0.013582,0.004584,0.0011947,-0.0032455,-0.012676,-0.038411,-0.053415,-0.057301,-0.1021,-0.16921,0.032362,0.024158,0.01142,0.0003883,-0.00074065,-0.0032385,-0.027342,-0.049471,-0.058328,-0.10712,-0.18289,-0.17137,0.039958,0.032286,0.02157,0.0030957,0.000455,0.0029368,-0.016976,-0.04127,-0.058669,-0.10961,-0.18439,-0.19835,0.0484,0.038389,0.0321,0.012149,0.0042312,0.0054876,-0.011766,-0.033955,-0.056834,-0.10737,-0.17354,-0.19639,-0.19468,0.057684,0.046054,0.040261,0.026336,0.012494,0.005885,-0.011569,-0.030851,-0.053063,-0.10139,-0.16243,-0.19362,-0.20971,0.065538,0.05643,0.04808,0.041675,0.025777,0.0084166,-0.011935,-0.030278,-0.049809,-0.094234,-0.15131,-0.17671,-0.20336,0.069919,0.06856,0.059055,0.054753,0.045249,0.018758,-0.0076136,-0.028696,-0.049255,-0.088288,-0.13163,-0.15736,-0.19882,0.071092,0.080364,0.072939,0.066148,0.061464,0.032226,0.0010374,-0.024988,-0.051576,-0.088261,-0.11333,-0.13597,-0.18922,0.071373,0.086979,0.083348,0.074598,0.068322,0.042327,0.0097995,-0.020195,-0.053437,-0.083675,-0.096757,-0.11278,-0.15518,0.069741,0.083387,0.085345,0.078984,0.069923,0.046217,0.01604,-0.015562,-0.051715,-0.084745,-0.089039,-0.089108,-0.11779,0.06719,0.07306,0.080076,0.078134,0.068163,0.046265,0.019352,-0.0098842,-0.045909,-0.077206,-0.076299,-0.070209,-0.083387,0.067173,0.06415,0.070644,0.072676,0.063353,0.047148,0.024156,-0.0020556,-0.036507,-0.061266,-0.064939,-0.056809,0.069909,0.060608,0.061591,0.065573,0.058945,0.048585,0.031036,0.0064615,-0.026387,-0.048315,-0.049058,-0.038649,0.074398,0.064432,0.058375,0.058311,0.054143,0.047112,0.035207,0.01049,-0.019605,-0.035014,0.077944,0.072715,0.062737,0.054519,0.050242,0.044412,0.034367,0.0085916,-0.017963,-0.027246,0.080282,0.080118,0.073123,0.059426,0.051782,0.043484,0.030002,0.003955,-0.020965,0.082929,0.085057,0.081998,0.070285,0.057723,0.044845,0.027778,0.0017974,-0.023873,0.086548,0.087639,0.086009,0.081908,0.06908,0.051826,0.033699,0.0084807,-0.020851,0.089701,0.08877,0.085703,0.091998,0.083865,0.066055,0.048998,0.02461,-0.0070022,-0.028267,-0.027779,0.08962,0.088301,0.084514,0.09592,0.097136,0.083593,0.070292,0.047854,0.018883,-0.0011815,0.083818,0.085729,0.085037,0.094793,0.10259,0.098244,0.090832,0.072892,0.051935,0.039578,0.023741,0.075052,0.080462,0.084626,0.090722,0.10007,0.1061,0.10536,0.092935,0.08222,0.078798,0.056612,0.068289,0.072788,0.07886,0.082341,0.09293,0.10863,0.11459,0.10526,0.10278,0.10574,0.076061,0.065946,0.064517,0.068559,0.070966,0.08337,0.10628,0.11864,0.11273,0.11368,0.11586,0.077831,0.064075,0.058077,0.058486,0.061452,0.073614,0.098348,0.11493,0.11572,0.11829,0.10973,0.058146,0.054426,0.054415,0.057539,0.065404,0.086636,0.10462,0.11385,0.11694,0.09617,0.05085,0.051896,0.054559,0.057351,0.058776,0.074686,0.093557,0.11058,0.1125,0.084617,0.045351,0.04989,0.052894,0.055418,0.053499,0.06795,0.089188,0.10711,0.10581,0.040307,0.047848,0.047735,0.050467,0.05185,0.071596,0.094887,0.10144,0.032882,0.045645,0.048013,0.047962,0.060009,0.086399,0.10323,0.090539,0.021941,0.046174,0.062235,0.061365,0.07336,0.099174,0.1025,0.016179,0.053381,0.085129,0.083483,0.078701,0.093893,0.024618,0.061827,0.094579,0.090675,0.075525
1954,0.026842,0.015835,0.019373,0.023883,0.021774,0.017145,0.0094679,0.0070715,0.0053488,-0.019153,-0.048231,0.02977,0.02292,0.02501,0.029737,0.02904,0.021119,0.0031351,0.0062684,0.014984,-0.0096194,-0.050583,0.030212,0.029111,0.030791,0.032484,0.033855,0.025979,0.00040431,-0.0025499,0.010402,-0.010971,-0.05507,0.027895,0.033103,0.036222,0.033068,0.034934,0.028655,0.0068206,-0.0070035,0.00057727,-0.01842,-0.059425,-0.062292,0.02344,0.031314,0.040322,0.03545,0.034003,0.026685,0.013394,-0.0033739,-0.0055505,-0.025501,-0.060849,-0.075652,0.022595,0.027837,0.042701,0.040149,0.033742,0.023033,0.014309,0.0035652,-0.0050274,-0.027059,-0.058885,-0.078554,-0.084325,0.026176,0.024541,0.040339,0.043889,0.036214,0.021301,0.01188,0.0057919,-0.0033521,-0.023938,-0.053247,-0.076026,-0.098304,0.029838,0.022795,0.033513,0.043824,0.040185,0.023115,0.0099983,0.0018879,-0.0088067,-0.025417,-0.04856,-0.070039,-0.097304,0.032015,0.024222,0.026511,0.039608,0.042935,0.028646,0.010379,-0.0041238,-0.020811,-0.034234,-0.040475,-0.064324,-0.099759,0.035081,0.02996,0.026409,0.036567,0.043542,0.032818,0.011292,-0.0091686,-0.034389,-0.047775,-0.042469,-0.05647,-0.10235,0.039061,0.03683,0.031552,0.036366,0.041777,0.032293,0.010488,-0.014561,-0.046917,-0.064975,-0.048107,-0.053507,-0.087518,0.040626,0.040816,0.037369,0.03755,0.038098,0.02765,0.0078601,-0.01909,-0.056221,-0.070479,-0.056119,-0.049741,-0.068677,0.040692,0.04085,0.042235,0.043248,0.037863,0.023195,0.0064076,-0.020598,-0.059987,-0.07767,-0.061469,-0.04346,-0.050201,0.040559,0.040052,0.044923,0.047303,0.041221,0.023815,0.0076714,-0.019298,-0.057627,-0.075703,-0.060677,-0.033529,0.040966,0.040932,0.046217,0.046284,0.042025,0.027569,0.0098668,-0.017213,-0.049876,-0.063549,-0.051762,-0.020263,0.043047,0.04831,0.051171,0.04746,0.042491,0.032493,0.013286,-0.014461,-0.040408,-0.048247,0.043507,0.052491,0.055902,0.051196,0.044394,0.03832,0.019575,-0.01027,-0.034508,-0.039171,0.047408,0.052612,0.056686,0.052236,0.044075,0.0387,0.024513,-0.0052499,-0.033091,0.057528,0.056894,0.059095,0.054615,0.0432,0.034476,0.025672,0.00088974,-0.031784,0.066025,0.058798,0.05877,0.058131,0.046655,0.033436,0.025645,0.0076653,-0.026282,0.073045,0.06195,0.05677,0.058819,0.050162,0.036912,0.028099,0.013869,-0.015579,-0.044694,-0.051961,0.075898,0.067401,0.058838,0.058406,0.050841,0.041259,0.03337,0.01991,-0.00051066,-0.022079,0.067884,0.064924,0.059641,0.057221,0.048742,0.043243,0.038895,0.027165,0.016537,0.0061349,-0.010592,0.055096,0.05596,0.054693,0.051165,0.043289,0.041634,0.041556,0.034509,0.033108,0.034144,0.016948,0.045469,0.046905,0.047059,0.040809,0.03526,0.038508,0.041999,0.039393,0.045687,0.054785,0.03611,0.041173,0.040454,0.04201,0.034402,0.029479,0.035191,0.040435,0.041359,0.051821,0.061288,0.03999,0.035925,0.034053,0.038735,0.035178,0.029922,0.033269,0.036783,0.040621,0.053749,0.056351,0.031573,0.030009,0.037496,0.040519,0.034493,0.033518,0.03424,0.040524,0.054138,0.047343,0.028666,0.031163,0.04112,0.047266,0.038732,0.033877,0.036911,0.046653,0.056821,0.042825,0.024623,0.029983,0.040911,0.048511,0.041579,0.038301,0.048274,0.058937,0.062736,0.021586,0.025221,0.032681,0.041181,0.042924,0.051823,0.065639,0.069481,0.018472,0.022772,0.027225,0.035976,0.050279,0.073838,0.082971,0.069026,0.015211,0.028442,0.036142,0.044589,0.062839,0.091842,0.091779,0.022298,0.04655,0.060234,0.060914,0.068768,0.091555,0.039591,0.064738,0.078619,0.070532,0.066136
1955,0.041881,0.032562,0.036255,0.033281,0.02379,0.01821,0.00034347,-0.017967,-0.03783,-0.07625,-0.12227,0.047217,0.040841,0.042695,0.040532,0.030107,0.023721,0.00076659,-0.018871,-0.032284,-0.076896,-0.139,0.051053,0.049317,0.051361,0.045324,0.034686,0.030763,0.0043346,-0.023392,-0.035426,-0.082942,-0.15514,0.051706,0.054876,0.058823,0.047287,0.036599,0.036563,0.00999,-0.023716,-0.039506,-0.090033,-0.16702,-0.16814,0.05032,0.055774,0.062188,0.047604,0.034318,0.035513,0.012069,-0.019954,-0.038922,-0.09262,-0.16974,-0.18396,0.04645,0.050017,0.059638,0.048114,0.030795,0.029094,0.0092358,-0.016834,-0.034449,-0.08895,-0.16102,-0.18822,-0.18661,0.041543,0.039541,0.050707,0.048525,0.031424,0.023397,0.0047901,-0.017904,-0.032118,-0.081847,-0.14259,-0.17319,-0.19704,0.038687,0.03349,0.04161,0.048875,0.036976,0.020849,0.0028212,-0.019806,-0.036093,-0.076934,-0.13113,-0.1514,-0.18993,0.037587,0.034732,0.037033,0.04763,0.043125,0.02226,0.0051379,-0.018712,-0.042211,-0.07617,-0.10988,-0.13836,-0.18123,0.038159,0.040278,0.036714,0.044283,0.046523,0.027595,0.0099063,-0.014736,-0.045233,-0.077331,-0.097138,-0.11762,-0.16911,0.036564,0.04237,0.039785,0.042413,0.045583,0.030646,0.012462,-0.01062,-0.044684,-0.077101,-0.090516,-0.10124,-0.13945,0.034918,0.040612,0.043496,0.04365,0.041235,0.027605,0.010846,-0.0087744,-0.04246,-0.07499,-0.087715,-0.087389,-0.10703,0.037119,0.036957,0.042016,0.04568,0.038914,0.023472,0.007584,-0.0080439,-0.038723,-0.068707,-0.07878,-0.071931,-0.076609,0.04225,0.036024,0.036811,0.045654,0.03983,0.023866,0.0068496,-0.0074415,-0.032827,-0.06291,-0.062905,-0.050723,0.047259,0.040862,0.034873,0.041784,0.040451,0.029242,0.011057,-0.005435,-0.025009,-0.044462,-0.040455,-0.029126,0.051407,0.049311,0.039753,0.036876,0.039234,0.035372,0.019311,-0.00012837,-0.01552,-0.024075,0.053891,0.057141,0.050098,0.039786,0.039708,0.038659,0.026986,0.006926,-0.0068227,-0.012298,0.054443,0.061428,0.061197,0.051949,0.045769,0.042086,0.031842,0.012646,-0.0027584,0.054579,0.062068,0.067304,0.064123,0.056048,0.047832,0.035556,0.017071,-0.0037372,0.05577,0.061918,0.067336,0.07234,0.066559,0.054689,0.040553,0.021454,-0.0057979,0.059659,0.063173,0.065426,0.074696,0.0732,0.061118,0.048047,0.026678,-0.0046149,-0.03386,-0.036414,0.064421,0.066162,0.065475,0.072551,0.074108,0.065593,0.056295,0.034362,0.0020607,-0.021886,0.066001,0.069009,0.067508,0.068131,0.067854,0.064847,0.061406,0.042504,0.014791,0.0021384,-0.0050336,0.063599,0.068736,0.068478,0.062943,0.058223,0.059482,0.061125,0.047076,0.030112,0.029694,0.020926,0.057239,0.063691,0.066061,0.058669,0.052292,0.056652,0.06005,0.049652,0.044058,0.052409,0.040508,0.051652,0.055077,0.058519,0.054974,0.050861,0.057404,0.060786,0.052523,0.05561,0.064817,0.047897,0.044433,0.04595,0.050848,0.052465,0.048792,0.054163,0.05857,0.056013,0.064941,0.068651,0.034197,0.039189,0.047693,0.052735,0.04625,0.047776,0.054165,0.060369,0.073119,0.06892,0.024016,0.035111,0.048222,0.053699,0.045023,0.043902,0.054645,0.069764,0.081893,0.070513,0.016122,0.02955,0.043751,0.049404,0.04306,0.045034,0.063003,0.081723,0.089737,0.0089455,0.019809,0.031215,0.037611,0.039148,0.052868,0.076503,0.089124,-0.0012466,0.0095754,0.01935,0.026057,0.039629,0.067881,0.08943,0.08642,-0.011733,0.0080618,0.022823,0.030309,0.047898,0.082185,0.094565,-0.012739,0.018708,0.043749,0.050721,0.05978,0.085226,0.00061129,0.032564,0.060184,0.063651,0.064016
1956,0.011939,0.0064007,0.013027,0.020882,0.02077,0.013548,0.0036764,-0.0032261,-0.0062006,-0.023254,-0.051107,0.011733,0.0097127,0.015298,0.023952,0.030354,0.025841,0.0077772,-0.00033298,0.0010048,-0.018346,-0.058805,0.010129,0.013224,0.019713,0.025612,0.035772,0.039087,0.019118,0.0038882,0.0047054,-0.015586,-0.062003,0.0068947,0.013099,0.023294,0.02687,0.038835,0.047631,0.032198,0.010885,0.0074815,-0.013843,-0.060926,-0.07269,0.0069638,0.013381,0.027228,0.0284,0.038487,0.049951,0.039413,0.017332,0.0089732,-0.013616,-0.056287,-0.076127,0.013058,0.017801,0.030793,0.030049,0.034769,0.04357,0.036844,0.019498,0.0089482,-0.014677,-0.05078,-0.076274,-0.076921,0.018346,0.020512,0.030092,0.028863,0.028747,0.030827,0.025799,0.014974,0.0049495,-0.017112,-0.047001,-0.073021,-0.085255,0.021471,0.021481,0.025932,0.025767,0.023711,0.019821,0.013811,0.0063258,-0.0020992,-0.021617,-0.05076,-0.064904,-0.091209,0.021932,0.020416,0.017477,0.019792,0.019791,0.014811,0.0069406,-0.0013965,-0.011619,-0.027706,-0.044999,-0.055664,-0.093391,0.01821,0.018165,0.0082633,0.010024,0.013853,0.013035,0.005701,-0.0048764,-0.022264,-0.040049,-0.041403,-0.049858,-0.090206,0.014526,0.015164,0.0032499,-0.00085885,0.0037812,0.0080229,0.0059889,-0.005342,-0.032025,-0.047294,-0.043828,-0.046647,-0.082133,0.014568,0.011364,0.001575,-0.0079351,-0.0088144,-0.0039103,0.00052749,-0.0084285,-0.039807,-0.054359,-0.050681,-0.04484,-0.069839,0.015853,0.0087672,0.00025542,-0.010388,-0.019122,-0.019121,-0.012723,-0.018771,-0.047727,-0.06747,-0.055759,-0.041322,-0.053521,0.014595,0.0061565,-0.00037997,-0.011204,-0.024472,-0.03141,-0.029288,-0.036166,-0.0552,-0.071352,-0.057606,-0.036154,0.011834,0.0029552,-0.0016592,-0.012515,-0.027558,-0.038123,-0.045463,-0.057568,-0.063355,-0.07218,-0.049999,-0.019496,0.0068939,-0.00059737,-0.0058384,-0.017117,-0.03276,-0.044499,-0.061243,-0.07911,-0.075598,-0.07196,-0.00038207,-0.0058398,-0.011568,-0.025349,-0.040614,-0.054195,-0.077282,-0.098445,-0.089813,-0.078986,-0.0059473,-0.012521,-0.016888,-0.03235,-0.048275,-0.062669,-0.089336,-0.11183,-0.10575,-0.0073083,-0.018005,-0.022352,-0.036624,-0.054482,-0.067194,-0.091482,-0.1137,-0.11649,-0.005283,-0.020935,-0.027652,-0.039438,-0.057697,-0.067063,-0.083991,-0.10212,-0.11779,-0.0023672,-0.022108,-0.033233,-0.04316,-0.057532,-0.062232,-0.071159,-0.083359,-0.10278,-0.12779,-0.12128,4.28E-05,-0.020084,-0.034204,-0.0455,-0.054167,-0.054974,-0.058523,-0.063276,-0.074651,-0.097917,0.0011243,-0.013239,-0.026798,-0.040638,-0.047043,-0.04783,-0.049029,-0.041336,-0.038322,-0.047284,-0.070768,0.0032556,-0.0030566,-0.013666,-0.029242,-0.036066,-0.038146,-0.040185,-0.022712,-0.0029721,0.0024745,-0.025576,0.0090586,0.0065491,-0.0022638,-0.016466,-0.022642,-0.022324,-0.024429,-0.0077345,0.020966,0.035859,0.0084134,0.016793,0.012937,0.0063922,-0.0035476,-0.0086648,-0.0032002,-0.0022654,0.0062696,0.032061,0.046437,0.021118,0.022626,0.016986,0.013697,0.0097826,0.0064357,0.012752,0.015773,0.019638,0.037327,0.039866,0.026759,0.022116,0.021202,0.021608,0.02041,0.022919,0.02554,0.032158,0.042246,0.028642,0.030396,0.029637,0.029362,0.02867,0.025924,0.025392,0.030598,0.043674,0.048098,0.023631,0.032328,0.03424,0.033059,0.030211,0.024497,0.02402,0.036154,0.053162,0.054012,0.030121,0.032958,0.030942,0.026994,0.023791,0.029892,0.046005,0.058168,0.02477,0.02981,0.029575,0.025837,0.029387,0.047115,0.058841,0.054248,0.021636,0.033764,0.041816,0.04035,0.04459,0.064287,0.065009,0.027247,0.049379,0.067804,0.067061,0.063855,0.072418,0.041506,0.066928,0.085625,0.080021,0.069934
1957,-0.019258,-0.018685,-0.0060667,-0.0011255,-0.0094563,-0.012841,-0.010604,-0.019879,-0.035898,-0.069874,-0.11166,-0.015361,-0.016131,-0.007164,0.0014024,0.001309,-0.0015538,-0.0061426,-0.01019,-0.015982,-0.057708,-0.11923,-0.012422,-0.012199,-0.0078517,-0.0013012,0.008776,0.013114,0.00082639,-0.0086877,-0.006773,-0.049754,-0.1234,-0.0074558,-0.006318,-0.003783,-0.00083408,0.014407,0.026257,0.013896,-0.002887,-0.0022809,-0.046596,-0.12381,-0.12393,0.001066,-0.00021852,0.0045752,0.0044593,0.016845,0.032554,0.027347,0.0099495,0.0027804,-0.044951,-0.11979,-0.14877,0.013879,0.0052685,0.011909,0.010984,0.01688,0.029898,0.030196,0.019247,0.0072643,-0.042026,-0.11063,-0.14045,-0.1124,0.029723,0.014546,0.018121,0.019016,0.019882,0.023505,0.022714,0.018127,0.0071902,-0.039786,-0.09806,-0.12728,-0.12123,0.040319,0.023717,0.020375,0.023703,0.024849,0.020485,0.014461,0.010907,0.00013879,-0.041798,-0.085006,-0.10839,-0.12944,0.045006,0.03065,0.019931,0.021339,0.025303,0.020064,0.0099847,0.0034334,-0.013161,-0.049136,-0.082643,-0.095013,-0.13605,0.047429,0.039454,0.025182,0.02042,0.022391,0.016844,0.0067473,-0.0036126,-0.028558,-0.059152,-0.073757,-0.08856,-0.13768,0.051184,0.048793,0.036506,0.026182,0.021614,0.011675,-0.00014575,-0.011579,-0.041507,-0.07906,-0.074834,-0.085361,-0.13129,0.055844,0.055262,0.046752,0.033099,0.024557,0.009732,-0.0070679,-0.017696,-0.047531,-0.085801,-0.076749,-0.080994,-0.11585,0.061035,0.057985,0.051714,0.039021,0.027263,0.011294,-0.0084267,-0.019497,-0.045549,-0.073879,-0.072246,-0.071133,-0.094257,0.065849,0.059836,0.053784,0.045134,0.030243,0.013047,-0.0051667,-0.019242,-0.039349,-0.060294,-0.057542,-0.070402,0.068144,0.061832,0.054897,0.048349,0.035688,0.017339,0.00016105,-0.01775,-0.031519,-0.043911,-0.035649,-0.047238,0.068252,0.064661,0.057237,0.049376,0.041253,0.028246,0.0074584,-0.013886,-0.024138,-0.02414,0.070063,0.069633,0.063368,0.051288,0.044976,0.037704,0.016382,-0.0098192,-0.02079,-0.020915,0.075057,0.075756,0.071435,0.05746,0.047413,0.041994,0.022785,-0.0051482,-0.021106,0.07908,0.079948,0.076151,0.067661,0.052856,0.043914,0.026637,0.00056151,-0.022569,0.080309,0.080734,0.075624,0.075901,0.063266,0.048652,0.031321,0.0075794,-0.022207,0.078774,0.07907,0.073991,0.079331,0.074625,0.057132,0.038802,0.01606,-0.01614,-0.048778,-0.051186,0.074901,0.077042,0.074081,0.080826,0.082198,0.066447,0.046278,0.02471,-0.004036,-0.033357,0.066812,0.072831,0.074968,0.081414,0.082849,0.072097,0.052727,0.032277,0.012069,-0.006241,-0.019088,0.057701,0.064601,0.069928,0.075197,0.076921,0.074084,0.059925,0.039643,0.028976,0.022626,0.0069719,0.052726,0.055532,0.058449,0.059606,0.06402,0.070152,0.065042,0.048616,0.045206,0.047509,0.029744,0.048222,0.046811,0.045985,0.044324,0.048932,0.059117,0.061551,0.054854,0.058615,0.06376,0.043618,0.038339,0.035222,0.034284,0.034541,0.037266,0.044747,0.049333,0.054543,0.064827,0.066922,0.024222,0.02281,0.023176,0.026261,0.026862,0.030076,0.03453,0.048412,0.064317,0.061385,0.0093559,0.010618,0.013742,0.016336,0.013203,0.014278,0.023372,0.043907,0.062092,0.055196,-0.0036888,-0.0028132,0.0033862,0.0052394,0.00088119,0.0037838,0.021715,0.045651,0.062017,-0.014414,-0.016374,-0.010669,-0.0056852,-0.0045009,0.0073446,0.029997,0.048274,-0.024431,-0.025684,-0.021973,-0.013319,-0.00030273,0.02344,0.041982,0.043768,-0.028278,-0.024064,-0.01761,-0.0081479,0.0096013,0.039029,0.048522,-0.017143,-0.0050907,0.0073146,0.012806,0.02143,0.044926,0.0054938,0.021179,0.035592,0.035285,0.030014
1958,0.013668,0.011534,0.020784,0.026401,0.026691,0.027174,0.023993,0.019703,0.011295,-0.021409,-0.074056,0.016027,0.014062,0.021556,0.026658,0.027074,0.026259,0.018219,0.016247,0.015225,-0.02275,-0.091719,0.017925,0.019265,0.023196,0.024673,0.027218,0.028695,0.015536,0.0067613,0.0054156,-0.034739,-0.11259,0.015841,0.022441,0.024981,0.020948,0.024854,0.031732,0.017371,-0.00029905,-0.0085148,-0.051435,-0.13273,-0.14982,0.012574,0.020682,0.025887,0.017967,0.019623,0.031566,0.019613,-0.0034217,-0.022139,-0.067636,-0.14678,-0.17672,0.011432,0.016467,0.025897,0.019169,0.016045,0.026895,0.018243,-0.0052935,-0.032357,-0.079272,-0.15024,-0.18363,-0.19214,0.014745,0.013664,0.023174,0.021776,0.014551,0.016951,0.01047,-0.0087833,-0.03754,-0.083221,-0.14292,-0.19036,-0.20581,0.021934,0.014705,0.018678,0.020773,0.013486,0.0050581,-0.0034979,-0.018154,-0.042781,-0.082821,-0.12742,-0.16187,-0.19987,0.02899,0.019358,0.01456,0.014997,0.0098193,-0.0048691,-0.016903,-0.02978,-0.051087,-0.081954,-0.11659,-0.13835,-0.18896,0.033059,0.025936,0.011655,0.0061095,0.0016148,-0.012328,-0.023693,-0.034327,-0.056583,-0.081795,-0.095032,-0.12045,-0.16575,0.034301,0.031423,0.013062,7.88E-05,-0.0050851,-0.015346,-0.023549,-0.030972,-0.055414,-0.086016,-0.0823,-0.097544,-0.13654,0.032689,0.033971,0.021259,0.0080739,-0.00011605,-0.01212,-0.01925,-0.024457,-0.050558,-0.080465,-0.081641,-0.079443,-0.10448,0.0296,0.033193,0.031927,0.025106,0.013143,-0.0045507,-0.012669,-0.017968,-0.042839,-0.063221,-0.066498,-0.058674,-0.073396,0.026859,0.031041,0.038186,0.036894,0.024125,0.0063653,-0.0041643,-0.012761,-0.033643,-0.049305,-0.046076,-0.050453,0.02583,0.030913,0.039179,0.04299,0.036704,0.021538,0.0048201,-0.0098741,-0.025358,-0.033754,-0.022883,-0.031849,0.023595,0.030843,0.037677,0.043657,0.044151,0.033267,0.012281,-0.0076118,-0.018826,-0.018217,0.018058,0.028292,0.035269,0.039521,0.042753,0.036771,0.01718,-0.0044238,-0.013818,-0.010159,0.015921,0.027247,0.034987,0.038033,0.039551,0.035561,0.020526,-0.0013433,-0.012378,0.018099,0.025362,0.033714,0.039779,0.039943,0.035612,0.025444,0.003833,-0.012008,0.017792,0.019373,0.026799,0.036989,0.039597,0.037462,0.033097,0.014255,-0.0078361,0.01882,0.016322,0.019115,0.028964,0.034493,0.036853,0.039235,0.026423,0.0028071,-0.011713,-0.010499,0.020329,0.013968,0.012547,0.019531,0.026312,0.033042,0.039407,0.034066,0.016717,0.003675,0.020885,0.01427,0.0091025,0.011466,0.016795,0.027206,0.036003,0.036284,0.029194,0.023824,0.015912,0.02034,0.018953,0.013869,0.0078012,0.0081962,0.020857,0.032665,0.035792,0.038693,0.043094,0.031517,0.022605,0.023198,0.022747,0.012513,0.0087134,0.020884,0.032295,0.034908,0.044094,0.055336,0.040584,0.030486,0.025844,0.026831,0.021661,0.017718,0.027542,0.035114,0.035312,0.046529,0.057466,0.04022,0.036012,0.030428,0.030443,0.030423,0.029054,0.036671,0.04107,0.041236,0.050757,0.05286,0.042958,0.037824,0.039982,0.04194,0.039902,0.044756,0.049211,0.054043,0.059035,0.046984,0.051051,0.050183,0.051708,0.053254,0.047998,0.049833,0.057936,0.068678,0.068794,0.044668,0.052763,0.059577,0.06004,0.058322,0.053737,0.057039,0.068889,0.080142,0.075247,0.049877,0.057873,0.060309,0.057249,0.057354,0.06962,0.081261,0.082097,0.045309,0.05423,0.058775,0.057264,0.063688,0.083165,0.087799,0.072085,0.047809,0.061278,0.070802,0.071179,0.075943,0.090544,0.08348,0.058058,0.078229,0.091962,0.089141,0.083836,0.087281,0.066289,0.085955,0.097048,0.088314,0.077904
1959,0.024697,0.01687,0.022304,0.025937,0.020916,0.01637,0.0092419,0.0059312,0.0033583,-0.015682,-0.048532,0.024415,0.019398,0.023128,0.027558,0.028475,0.02547,0.014825,0.014601,0.018759,-0.0059507,-0.051998,0.023802,0.022236,0.021711,0.024873,0.031165,0.035481,0.024108,0.018535,0.023777,-0.00038879,-0.052497,0.020244,0.023125,0.020096,0.018892,0.028693,0.040982,0.034278,0.022631,0.023919,0.0028983,-0.049671,-0.077397,0.01388,0.019264,0.017863,0.014084,0.022218,0.037101,0.036322,0.026209,0.023538,0.0049552,-0.042965,-0.07898,0.0084003,0.011814,0.013908,0.011403,0.015222,0.026013,0.028136,0.026037,0.02336,0.006689,-0.032482,-0.075352,-0.10743,0.00775,0.0064979,0.010618,0.01211,0.012746,0.015245,0.01518,0.02052,0.022153,0.0086693,-0.020568,-0.062884,-0.10682,0.013976,0.0090929,0.010367,0.013986,0.014156,0.0103,0.0046485,0.012076,0.016356,0.0074631,-0.012255,-0.048859,-0.09537,0.020324,0.018746,0.015064,0.015224,0.015205,0.010353,-0.00072051,0.0023475,0.0055741,-0.00013504,-0.0093564,-0.036069,-0.087271,0.020511,0.025387,0.019704,0.014526,0.013828,0.010597,-0.0030506,-0.0065395,-0.0084364,-0.012696,-0.011155,-0.02375,-0.074268,0.019515,0.026663,0.020946,0.012693,0.010342,0.0067604,-0.004707,-0.01444,-0.023321,-0.025589,-0.015125,-0.017849,-0.05993,0.017127,0.021001,0.017756,0.010293,0.0046354,-0.0019922,-0.010813,-0.024529,-0.038063,-0.042199,-0.018618,-0.017151,-0.045647,0.01937,0.014215,0.011691,0.0084198,-0.001546,-0.014462,-0.02476,-0.038334,-0.051993,-0.05408,-0.025047,-0.019138,-0.032903,0.028662,0.014402,0.0093518,0.0075019,-0.0061933,-0.026311,-0.040798,-0.053483,-0.06428,-0.06689,-0.034467,-0.021704,0.037616,0.023719,0.014053,0.0067061,-0.0089857,-0.032429,-0.051659,-0.066571,-0.073794,-0.065217,-0.027776,-0.0084271,0.042441,0.03597,0.023195,0.0086192,-0.010258,-0.033564,-0.056364,-0.074995,-0.079247,-0.059927,0.044129,0.042859,0.030597,0.010446,-0.010787,-0.032688,-0.057489,-0.078633,-0.097273,-0.066611,0.045023,0.045215,0.03621,0.013025,-0.0076764,-0.027724,-0.055741,-0.079297,-0.10052,0.04842,0.046162,0.042252,0.023445,0.0036322,-0.016475,-0.047604,-0.075208,-0.093861,0.05408,0.048019,0.046797,0.036867,0.020164,-0.00037126,-0.029467,-0.063616,-0.0951,0.059565,0.052632,0.050666,0.046342,0.034087,0.016611,-0.0065494,-0.043949,-0.082472,-0.10591,-0.098201,0.063688,0.05916,0.057692,0.055655,0.043441,0.030199,0.013924,-0.01854,-0.051845,-0.070112,0.065839,0.065823,0.066183,0.065251,0.052379,0.042601,0.030173,0.0070904,-0.013056,-0.018812,-0.030925,0.06563,0.069071,0.07165,0.069936,0.060457,0.055683,0.045365,0.027623,0.019513,0.026769,0.009443,0.063411,0.065738,0.070556,0.069355,0.066052,0.067382,0.060538,0.044276,0.045489,0.059461,0.037197,0.060974,0.05878,0.063679,0.065944,0.068194,0.075585,0.074436,0.060455,0.066516,0.074965,0.047118,0.056268,0.052758,0.057099,0.063059,0.06722,0.077753,0.08192,0.075037,0.078648,0.073318,0.048551,0.046312,0.052635,0.06196,0.064522,0.072091,0.080586,0.084746,0.084039,0.062171,0.041032,0.041388,0.048401,0.058063,0.059655,0.06411,0.07839,0.092339,0.087525,0.053418,0.032534,0.036496,0.043144,0.049899,0.05292,0.061764,0.08313,0.099338,0.089022,0.023376,0.029596,0.034882,0.040857,0.047638,0.067448,0.091397,0.097668,0.017844,0.025225,0.02986,0.0362,0.04904,0.07683,0.093928,0.083263,0.01383,0.026853,0.0367,0.043513,0.055721,0.081993,0.087138,0.014087,0.038018,0.056193,0.057751,0.059951,0.077699,0.028385,0.053001,0.069575,0.064071,0.057805
1960,0.031898,0.025462,0.032187,0.030015,0.019098,0.012103,0.0017484,-0.0087968,-0.026225,-0.078051,-0.1332,0.035832,0.02924,0.035123,0.036339,0.031308,0.024678,0.0055268,-0.0063727,-0.02177,-0.086119,-0.15686,0.038302,0.032572,0.035876,0.033994,0.033287,0.029046,0.0046238,-0.01483,-0.029293,-0.096657,-0.17719,0.037869,0.03535,0.035515,0.027565,0.028135,0.028552,0.0055384,-0.020825,-0.038803,-0.10277,-0.18923,-0.17976,0.034903,0.035107,0.035927,0.025748,0.02447,0.02901,0.011676,-0.017394,-0.042832,-0.10133,-0.18784,-0.19996,0.03237,0.032187,0.036556,0.029953,0.026162,0.031019,0.018719,-0.0087098,-0.038851,-0.091893,-0.17111,-0.19234,-0.18024,0.031885,0.029334,0.034747,0.035441,0.031689,0.033213,0.023585,0.0003046,-0.029966,-0.077835,-0.14263,-0.16998,-0.18386,0.032368,0.027506,0.029447,0.036255,0.034364,0.032452,0.023921,0.0078751,-0.018681,-0.061638,-0.10949,-0.14701,-0.17255,0.033778,0.028699,0.023188,0.029642,0.031538,0.02746,0.020999,0.011801,-0.0092438,-0.046302,-0.081912,-0.11582,-0.16761,0.035446,0.033362,0.021199,0.020978,0.025976,0.021232,0.018017,0.013992,-0.0040013,-0.036947,-0.059159,-0.093652,-0.15833,0.037377,0.038628,0.027426,0.019516,0.022204,0.01537,0.015201,0.014907,-0.0034548,-0.034826,-0.049349,-0.080385,-0.14328,0.040186,0.044476,0.0395,0.028912,0.02237,0.01115,0.011356,0.014225,-0.0063724,-0.038196,-0.046669,-0.07077,-0.12212,0.04456,0.050938,0.053476,0.045156,0.028529,0.011937,0.009563,0.011117,-0.012417,-0.051736,-0.044666,-0.066903,-0.095782,0.052956,0.057179,0.063698,0.061922,0.043699,0.021477,0.012811,0.0049521,-0.020996,-0.048366,-0.045833,-0.076127,0.05982,0.065201,0.072117,0.074408,0.060944,0.037316,0.018996,-0.0017634,-0.029334,-0.046914,-0.037071,-0.053781,0.062538,0.071302,0.077937,0.079808,0.070931,0.050141,0.022984,-0.0069965,-0.035694,-0.034561,0.062531,0.07239,0.079233,0.079291,0.07196,0.053927,0.022463,-0.012097,-0.041006,-0.043586,0.058838,0.067953,0.076144,0.076605,0.068714,0.052142,0.02043,-0.015041,-0.044188,0.056374,0.063482,0.072692,0.076363,0.067857,0.051582,0.022893,-0.010548,-0.041584,0.057357,0.060478,0.068736,0.078435,0.071202,0.055323,0.032024,0.003087,-0.030545,0.061669,0.057665,0.062417,0.077679,0.077019,0.062954,0.046572,0.023914,-0.0088225,-0.033924,-0.039991,0.069972,0.057731,0.05824,0.074497,0.08188,0.073434,0.063531,0.048181,0.021656,-0.00198,0.074775,0.060726,0.056121,0.069697,0.080662,0.081624,0.079027,0.068934,0.052477,0.036112,0.015252,0.074749,0.065812,0.057681,0.064007,0.074362,0.085121,0.089242,0.083103,0.076067,0.072392,0.049727,0.076461,0.072859,0.065657,0.064506,0.071923,0.087555,0.095445,0.091507,0.091575,0.097452,0.073543,0.080539,0.077747,0.073638,0.069041,0.072257,0.087796,0.097847,0.095298,0.098543,0.10334,0.077654,0.081806,0.081135,0.077164,0.073444,0.072814,0.084679,0.095274,0.097238,0.10101,0.095195,0.074693,0.080245,0.080206,0.079819,0.077881,0.083247,0.093093,0.10213,0.10363,0.08472,0.062705,0.075571,0.08215,0.084399,0.082705,0.084738,0.094516,0.10928,0.10775,0.079281,0.048422,0.066085,0.076089,0.080598,0.082303,0.087813,0.10154,0.11525,0.10885,0.031304,0.046879,0.058908,0.065888,0.075362,0.094012,0.11184,0.11425,0.013963,0.025742,0.038988,0.048569,0.067962,0.10095,0.11668,0.10201,0.0028659,0.01683,0.032157,0.043036,0.064557,0.09927,0.10844,0.0078986,0.027263,0.04357,0.048534,0.058909,0.084149,0.025677,0.045649,0.058321,0.054085,0.050847
1961,-0.010443,-0.01466,-0.003245,0.0049531,0.0098568,0.0029795,-0.01328,-0.02667,-0.038112,-0.08152,-0.1285,-0.0063036,-0.012793,-0.004352,0.0022192,0.0090024,0.003429,-0.01702,-0.028671,-0.035328,-0.08988,-0.1529,-0.0029209,-0.0096183,-0.0041139,-0.0011923,0.0056665,0.0019974,-0.020155,-0.035124,-0.039898,-0.099404,-0.17401,-0.0013493,-0.0078445,-0.0042519,-0.0043339,0.001375,0.0011668,-0.019505,-0.039314,-0.047847,-0.10592,-0.18504,-0.18499,-0.0012932,-0.0067955,-0.0035056,-0.0053092,-0.0021663,0.00033757,-0.017101,-0.039667,-0.054162,-0.10611,-0.18195,-0.20335,-0.0025002,-0.0074632,-0.0019829,-0.0031727,-0.0036461,-0.0024429,-0.017644,-0.038958,-0.056433,-0.099758,-0.16477,-0.19628,-0.20205,-0.003343,-0.0098805,-0.0017863,0.0001306,-0.0035817,-0.0085324,-0.02345,-0.041001,-0.056811,-0.090694,-0.13914,-0.17907,-0.20901,-0.0022296,-0.01101,-0.0038707,0.00098415,-0.003335,-0.015737,-0.032194,-0.046198,-0.058975,-0.082702,-0.12147,-0.15604,-0.19802,0.00077874,-0.0077079,-0.0062281,-0.0015804,-0.0042265,-0.019839,-0.037938,-0.051079,-0.062536,-0.085586,-0.099399,-0.13948,-0.1909,0.0046226,-0.0010413,-0.0067295,-0.0054084,-0.0051386,-0.017908,-0.034598,-0.048648,-0.06448,-0.08423,-0.092951,-0.11791,-0.18214,0.0085926,0.0053626,-0.00514,-0.0074208,-0.0047879,-0.011975,-0.023441,-0.036495,-0.061234,-0.084163,-0.090043,-0.10173,-0.15794,0.013628,0.0094786,-0.0015613,-0.005545,-0.0036805,-0.0079415,-0.011911,-0.020787,-0.05052,-0.081116,-0.087442,-0.090395,-0.13082,0.021673,0.013159,0.0043745,0.0008247,-0.0016829,-0.00684,-0.0050272,-0.0086875,-0.035843,-0.072708,-0.082494,-0.077497,-0.10246,0.033129,0.01995,0.01277,0.010505,0.0039303,-0.0030495,-0.00058797,-0.0043931,-0.023871,-0.059419,-0.069991,-0.074093,0.045965,0.032336,0.023709,0.018795,0.011374,0.0039552,0.00061697,-0.0078007,-0.020629,-0.040575,-0.047789,-0.049674,0.055222,0.045143,0.035131,0.024715,0.018393,0.011377,-0.00073204,-0.016244,-0.02463,-0.028723,0.059728,0.051113,0.042905,0.0317,0.023718,0.015379,-0.0028448,-0.025328,-0.032864,-0.024651,0.062663,0.053797,0.047142,0.038788,0.026695,0.014863,-0.0050002,-0.030991,-0.04183,0.066414,0.055147,0.046925,0.042698,0.029643,0.013766,-0.0057145,-0.029942,-0.046263,0.074293,0.056698,0.044297,0.044484,0.033109,0.015023,-0.0023231,-0.022421,-0.043193,0.085749,0.064446,0.046892,0.046428,0.036765,0.017949,0.0046981,-0.010938,-0.031603,-0.04254,-0.034669,0.093848,0.076104,0.055798,0.050681,0.040019,0.022834,0.013621,0.0018301,-0.012684,-0.016613,0.097008,0.086144,0.068288,0.056399,0.04453,0.030432,0.023747,0.014747,0.0095543,0.017443,0.015988,0.099987,0.0956,0.08371,0.065836,0.051941,0.042799,0.037149,0.030394,0.032395,0.049233,0.046088,0.10343,0.10151,0.095642,0.081257,0.069501,0.066781,0.059316,0.050164,0.055018,0.072093,0.064208,0.10316,0.10119,0.099609,0.096508,0.094081,0.097952,0.088121,0.074601,0.075924,0.0813,0.066404,0.098368,0.09954,0.10294,0.10808,0.11287,0.12059,0.11381,0.10047,0.093715,0.08179,0.092615,0.10046,0.1098,0.11827,0.12285,0.12833,0.12825,0.12196,0.10993,0.081234,0.089292,0.10161,0.11464,0.12223,0.12192,0.12692,0.13489,0.13764,0.12367,0.082519,0.084035,0.09778,0.10745,0.11034,0.10924,0.12129,0.13841,0.14457,0.12761,0.078128,0.086243,0.088192,0.088123,0.093485,0.11699,0.1386,0.13653,0.072643,0.075406,0.073521,0.072633,0.086269,0.11716,0.13241,0.11398,0.067561,0.078518,0.081614,0.077724,0.089656,0.11613,0.11685,0.064211,0.090726,0.10503,0.095808,0.091665,0.10436,0.060464,0.09202,0.10977,0.098547,0.083336
1962,0.018714,0.021032,0.030618,0.026272,0.0082699,0.0035477,0.0046234,0.0042687,0.0052363,-0.013681,-0.052494,0.030547,0.029128,0.038578,0.039681,0.022946,0.011105,0.007045,0.01091,0.01888,-0.0023823,-0.052987,0.03626,0.034996,0.043302,0.045949,0.034856,0.020376,0.010602,0.012212,0.023012,0.0034755,-0.051419,0.036837,0.037481,0.04441,0.044457,0.037535,0.027281,0.016256,0.015544,0.02495,0.0065854,-0.047095,-0.075354,0.035468,0.034418,0.042547,0.042651,0.036214,0.03091,0.022438,0.022,0.027611,0.010171,-0.039158,-0.071804,0.033288,0.030725,0.042085,0.046054,0.039263,0.033637,0.027501,0.028701,0.031379,0.014449,-0.027915,-0.067449,-0.076742,0.031929,0.031677,0.044374,0.05274,0.046953,0.037506,0.030422,0.031355,0.03317,0.018289,-0.017298,-0.05733,-0.07977,0.03201,0.033968,0.043338,0.054419,0.054402,0.041703,0.030222,0.028099,0.02934,0.017741,-0.011715,-0.050993,-0.072865,0.03159,0.036528,0.040838,0.050924,0.057343,0.043508,0.027055,0.021335,0.020057,0.011116,-0.010575,-0.043374,-0.074572,0.03216,0.03733,0.036977,0.043648,0.053542,0.04402,0.023804,0.014869,0.009077,-0.00032393,-0.012681,-0.038158,-0.080667,0.034376,0.0375,0.033759,0.035514,0.04461,0.039751,0.021182,0.0098408,-0.0011147,-0.013225,-0.015079,-0.024635,-0.066967,0.034105,0.037899,0.034293,0.03209,0.034179,0.030256,0.017409,0.0071419,-0.010122,-0.02662,-0.011092,-0.011255,-0.044108,0.029778,0.035211,0.036023,0.032799,0.026764,0.021189,0.013838,0.0062586,-0.014062,-0.035464,-0.014763,-0.0035712,-0.020352,0.026254,0.029885,0.037009,0.036829,0.027092,0.018567,0.012754,0.0057112,-0.013361,-0.026968,-0.014518,-0.00045786,0.02476,0.025942,0.035827,0.039786,0.033594,0.025095,0.014301,0.0035142,-0.012555,-0.020778,-0.0073779,0.014086,0.027508,0.02862,0.036766,0.041812,0.041146,0.037044,0.019728,0.00011484,-0.014541,-0.014981,0.037398,0.039173,0.043562,0.045743,0.04614,0.045266,0.027182,-0.0017829,-0.019465,-0.021398,0.05145,0.051709,0.053092,0.051023,0.048024,0.043746,0.029458,-0.0024843,-0.026005,0.063629,0.061228,0.060325,0.058287,0.053343,0.041655,0.027374,-0.00063182,-0.031379,0.070985,0.061518,0.05715,0.056265,0.055278,0.042338,0.025157,0.0029693,-0.032008,0.07541,0.057581,0.046164,0.044802,0.045339,0.038991,0.024072,0.0059597,-0.025385,-0.061824,-0.069299,0.076736,0.059849,0.040619,0.035633,0.033174,0.030505,0.023301,0.011134,-0.010426,-0.038264,0.073076,0.062593,0.043618,0.031648,0.025855,0.024094,0.023241,0.017979,0.0083892,-0.0035092,-0.019088,0.065399,0.059672,0.047019,0.030857,0.023383,0.024816,0.026094,0.023388,0.023203,0.027495,0.013519,0.05617,0.053428,0.049312,0.035623,0.026597,0.030286,0.029699,0.026092,0.033527,0.048281,0.034459,0.045305,0.042273,0.045594,0.039192,0.030679,0.033948,0.030908,0.027201,0.040552,0.055691,0.039454,0.031529,0.028577,0.036261,0.03789,0.030702,0.031182,0.029013,0.029343,0.043719,0.051127,0.015433,0.015458,0.025465,0.032553,0.025656,0.022564,0.025007,0.033575,0.045727,0.0419,-0.00097636,0.0025603,0.013094,0.021852,0.015448,0.0125,0.022723,0.039889,0.050457,0.036909,-0.015577,-0.011102,-0.0025251,0.0054169,0.0023635,0.0065202,0.027155,0.049037,0.057361,-0.026086,-0.022805,-0.018292,-0.012186,-0.0089137,0.0097049,0.039651,0.05798,-0.032723,-0.029663,-0.028205,-0.023896,-0.011232,0.022406,0.053196,0.059935,-0.035807,-0.027723,-0.02238,-0.016661,-0.00014251,0.035686,0.058549,-0.025428,-0.0073263,0.0067215,0.010553,0.017995,0.04292,0.0022605,0.02295,0.038738,0.03683,0.031569
1963,-0.001825,-0.0066056,-0.00036025,0.0021613,-0.0039731,-0.0042708,-0.0064278,-0.0084103,-0.011538,-0.038887,-0.072175,-0.0036816,-0.0081638,-0.0056342,-0.0019624,-0.0015048,-0.0065134,-0.013529,-0.0097316,-0.0060152,-0.039255,-0.085391,-0.0083631,-0.0085543,-0.0051628,-0.0037074,-0.0024312,-0.0060391,-0.017076,-0.016012,-0.0092839,-0.041015,-0.094294,-0.01116,-0.0074444,2.36E-05,-0.0027776,-0.0046024,-0.0036403,-0.013674,-0.02046,-0.015985,-0.04468,-0.097821,-0.099555,-0.01088,-0.0035647,0.0055369,-0.0010605,-0.0050762,-0.0020472,-0.009378,-0.021699,-0.022055,-0.048957,-0.096573,-0.10277,-0.0084273,-5.98E-05,0.0089315,0.0033398,-0.0035989,-0.0040924,-0.010408,-0.021294,-0.025895,-0.051062,-0.089379,-0.097513,-0.090161,-0.0019,0.0029483,0.0089132,0.0058755,-0.0013454,-0.0079846,-0.016222,-0.022006,-0.028021,-0.049796,-0.078068,-0.088893,-0.095671,0.0068069,0.0053501,0.0058778,0.0045477,-0.00036534,-0.010353,-0.020843,-0.025744,-0.031533,-0.048708,-0.067892,-0.081562,-0.10435,0.01327,0.0073171,0.0018488,0.001989,-0.00071544,-0.01109,-0.022194,-0.030337,-0.038297,-0.05197,-0.061747,-0.076808,-0.10941,0.019627,0.013043,0.0027971,0.00014441,-0.001827,-0.0086581,-0.01972,-0.031018,-0.046403,-0.059891,-0.066313,-0.072563,-0.11066,0.02709,0.020313,0.0085328,0.0015107,-0.00038526,-0.0038008,-0.013414,-0.027513,-0.052063,-0.068616,-0.0684,-0.069335,-0.10633,0.031857,0.023666,0.012988,0.0068862,0.0036976,-0.0010976,-0.0079442,-0.022152,-0.053148,-0.073017,-0.071186,-0.066139,-0.091297,0.034507,0.024446,0.015913,0.013627,0.0086866,-0.0010973,-0.0063111,-0.01779,-0.050277,-0.073638,-0.074182,-0.0558,-0.073097,0.037359,0.024984,0.016238,0.016774,0.014065,-0.00026694,-0.0073762,-0.017205,-0.045723,-0.079804,-0.068615,-0.053407,0.039956,0.026364,0.014603,0.014188,0.016873,0.0033446,-0.0089681,-0.020625,-0.041465,-0.055795,-0.0497,-0.035858,0.040751,0.028103,0.01332,0.0077493,0.012946,0.0067831,-0.010816,-0.027369,-0.039549,-0.044421,0.041365,0.031357,0.016672,0.0045633,0.0072056,0.0073214,-0.01408,-0.035755,-0.041294,-0.039181,0.046659,0.039858,0.026678,0.013217,0.0095241,0.0067568,-0.015943,-0.04022,-0.04464,0.05679,0.052157,0.041216,0.029218,0.019403,0.0092016,-0.012743,-0.037568,-0.047096,0.066453,0.062901,0.053904,0.043058,0.031255,0.017062,-0.0034249,-0.027834,-0.047536,0.076278,0.069939,0.061449,0.053153,0.043771,0.030544,0.010364,-0.012942,-0.040063,-0.067304,-0.069544,0.081431,0.072544,0.064025,0.058264,0.052372,0.04363,0.024034,0.0032514,-0.021381,-0.048076,0.079031,0.072784,0.06469,0.05895,0.053516,0.050363,0.034835,0.017854,0.0040553,-0.013458,-0.029687,0.077398,0.074638,0.068866,0.060217,0.054079,0.053893,0.043223,0.029512,0.027811,0.022247,0.0016507,0.080318,0.076309,0.072745,0.062428,0.056915,0.059761,0.05187,0.039502,0.045144,0.047234,0.023347,0.080891,0.075339,0.07276,0.064786,0.059639,0.067855,0.062756,0.050432,0.056406,0.057553,0.029595,0.07728,0.071206,0.071719,0.068745,0.064996,0.073249,0.073788,0.064162,0.064735,0.057472,0.070873,0.065916,0.069398,0.071171,0.06769,0.071702,0.078797,0.077435,0.073673,0.054429,0.064604,0.062356,0.066287,0.068804,0.0636,0.065809,0.078377,0.087199,0.082088,0.053815,0.060405,0.060148,0.062047,0.062689,0.057607,0.063394,0.080922,0.093094,0.08647,0.053786,0.055812,0.056748,0.056699,0.056913,0.069539,0.089538,0.095338,0.04402,0.048245,0.051691,0.053717,0.060619,0.080249,0.097075,0.088148,0.034052,0.042801,0.052499,0.060038,0.068451,0.088347,0.094098,0.029841,0.047752,0.063854,0.070093,0.071717,0.08452,0.031277,0.054663,0.071586,0.070579,0.064901
1964,-0.0098537,-0.025467,-0.028044,-0.033726,-0.038436,-0.031006,-0.028826,-0.023163,-0.025836,-0.063423,-0.11204,9.51E-05,-0.012716,-0.021951,-0.029463,-0.036921,-0.031702,-0.032202,-0.021264,-0.013654,-0.055127,-0.12082,0.011573,0.0061277,-0.0078917,-0.024739,-0.033667,-0.031894,-0.037427,-0.029642,-0.015712,-0.052709,-0.12718,0.018475,0.020974,0.0092287,-0.015426,-0.028766,-0.031085,-0.039481,-0.038477,-0.025726,-0.055776,-0.13095,-0.14063,0.021393,0.028384,0.023106,-0.0016476,-0.021818,-0.02872,-0.040364,-0.04784,-0.039131,-0.062969,-0.13072,-0.15479,0.023462,0.028718,0.032082,0.013872,-0.0095742,-0.023188,-0.042452,-0.057827,-0.054207,-0.07118,-0.12442,-0.15121,-0.16132,0.031577,0.025831,0.032418,0.026097,0.0065168,-0.014434,-0.041201,-0.063541,-0.067379,-0.077288,-0.1109,-0.14856,-0.17016,0.045973,0.030884,0.02799,0.029966,0.01989,-0.0041082,-0.035745,-0.063079,-0.076317,-0.081535,-0.096295,-0.12582,-0.17298,0.062104,0.043682,0.028412,0.028632,0.026776,0.0047463,-0.028218,-0.059755,-0.083039,-0.09104,-0.09345,-0.11235,-0.16183,0.079752,0.061588,0.035367,0.028553,0.028604,0.010475,-0.018866,-0.052295,-0.086118,-0.099307,-0.088652,-0.096603,-0.15245,0.090838,0.082401,0.049405,0.033303,0.029026,0.012188,-0.0096116,-0.039176,-0.07809,-0.099451,-0.088419,-0.085547,-0.12903,0.093234,0.093975,0.067975,0.0448,0.032365,0.014043,-0.0033489,-0.026076,-0.063633,-0.088923,-0.082149,-0.07338,-0.10009,0.093855,0.094354,0.082389,0.060952,0.038697,0.017523,0.0015136,-0.015657,-0.050419,-0.074465,-0.069574,-0.056785,-0.069902,0.095815,0.091755,0.08808,0.07485,0.048138,0.022144,0.0053972,-0.0095588,-0.03902,-0.063597,-0.053873,-0.044649,0.096517,0.092458,0.089741,0.081182,0.059433,0.030324,0.0089375,-0.009775,-0.029823,-0.045322,-0.036616,-0.025595,0.095274,0.095176,0.091042,0.081193,0.066138,0.040449,0.013754,-0.012664,-0.026566,-0.031814,0.092963,0.09798,0.093279,0.079932,0.066298,0.048126,0.020417,-0.012856,-0.028965,-0.024404,0.088274,0.09707,0.096515,0.082217,0.066189,0.051553,0.02594,-0.0095057,-0.033112,0.084542,0.091972,0.095354,0.085774,0.069494,0.053735,0.030145,-0.0027418,-0.033445,0.086307,0.08893,0.089233,0.085025,0.072497,0.055547,0.03654,0.008447,-0.026459,0.090954,0.091261,0.085077,0.081971,0.073157,0.058367,0.044788,0.023827,-0.009439,-0.042567,-0.047673,0.093314,0.09565,0.085822,0.081788,0.076132,0.065527,0.055684,0.042844,0.017117,-0.01052,0.090648,0.099539,0.092395,0.086751,0.081777,0.075132,0.067427,0.060127,0.046089,0.032647,0.01088,0.085339,0.10122,0.10316,0.094732,0.087278,0.083757,0.077792,0.071997,0.068353,0.069202,0.046841,0.080226,0.099211,0.11049,0.10248,0.091638,0.090623,0.086632,0.078471,0.080566,0.089904,0.068543,0.075763,0.092758,0.10764,0.10526,0.095024,0.095666,0.092972,0.082586,0.085705,0.09362,0.069852,0.069379,0.08136,0.097067,0.1028,0.095919,0.096255,0.09551,0.087053,0.088856,0.086474,0.059133,0.068117,0.084161,0.09745,0.093119,0.090565,0.093985,0.093431,0.094772,0.077952,0.046173,0.056533,0.072856,0.088128,0.085001,0.081609,0.090679,0.10184,0.10361,0.074606,0.03393,0.043531,0.057632,0.07057,0.070753,0.074291,0.090862,0.10877,0.10948,0.019295,0.027631,0.035848,0.045966,0.055354,0.073844,0.097281,0.10926,0.00032516,0.010548,0.017545,0.026052,0.04606,0.080202,0.10336,0.098919,-0.01443,0.0039645,0.017728,0.026672,0.04695,0.084389,0.099373,-0.013816,0.018141,0.041539,0.047536,0.055126,0.080883,0.0029905,0.039322,0.064592,0.064598,0.059795
1965,-0.013817,-0.01163,-0.0039537,0.0055067,0.011961,0.015507,0.0087014,0.0026999,-0.0059526,-0.045832,-0.10829,-0.014782,-0.012382,-0.00067251,0.010135,0.018576,0.021468,0.01254,0.0071163,0.0049506,-0.039145,-0.11625,-0.014004,-0.0096822,0.0037087,0.010431,0.021463,0.028887,0.016876,0.0056629,0.0048368,-0.037107,-0.11916,-0.010207,-0.0071542,0.0067805,0.0078192,0.017301,0.029259,0.018082,0.0045348,-2.76E-05,-0.038127,-0.11792,-0.14776,-0.003129,-0.0016219,0.011052,0.0076478,0.011672,0.024111,0.016467,0.0036145,-0.0068009,-0.042226,-0.11487,-0.16697,0.0056259,0.0033765,0.013806,0.012397,0.010309,0.017277,0.010623,-0.0011422,-0.016533,-0.051725,-0.11209,-0.1644,-0.16664,0.017338,0.0074546,0.013609,0.017577,0.012364,0.0093785,-0.0013259,-0.013133,-0.030062,-0.064632,-0.1097,-0.15523,-0.17227,0.029333,0.01779,0.015999,0.01956,0.014903,0.0032986,-0.013295,-0.029733,-0.049474,-0.078929,-0.1056,-0.14859,-0.17102,0.039446,0.031844,0.022573,0.022149,0.01924,0.0031926,-0.017248,-0.042705,-0.067978,-0.091126,-0.098881,-0.13246,-0.16423,0.048483,0.043354,0.031772,0.027508,0.025308,0.0089189,-0.012774,-0.04409,-0.076429,-0.10249,-0.097184,-0.11384,-0.15158,0.056554,0.054551,0.043022,0.033506,0.027971,0.01409,-0.0073054,-0.03603,-0.07222,-0.095955,-0.094716,-0.09889,-0.13258,0.065999,0.064768,0.053164,0.039646,0.02804,0.015195,-0.0023145,-0.025722,-0.062408,-0.090852,-0.088975,-0.082441,-0.10734,0.072457,0.070398,0.062296,0.049151,0.032355,0.015771,0.0020084,-0.0198,-0.053932,-0.079288,-0.079224,-0.065311,-0.0828,0.075393,0.072348,0.068563,0.058297,0.039424,0.019213,0.0059208,-0.015401,-0.044007,-0.064085,-0.063183,-0.058608,0.075338,0.073656,0.070103,0.061629,0.043769,0.024429,0.012025,-0.0071509,-0.031603,-0.046524,-0.041623,-0.036208,0.07011,0.071752,0.068889,0.06001,0.045546,0.029399,0.016507,-0.0021784,-0.02274,-0.031579,0.06243,0.064801,0.065334,0.056172,0.043688,0.031108,0.016267,-0.004025,-0.02136,-0.024981,0.058435,0.058564,0.058878,0.052066,0.03935,0.027582,0.012611,-0.0076867,-0.026532,0.059232,0.056967,0.053587,0.048618,0.036059,0.023487,0.0090799,-0.010571,-0.034847,0.062923,0.059737,0.053502,0.04715,0.036117,0.024845,0.009047,-0.011578,-0.041137,0.063496,0.06303,0.05649,0.049731,0.039067,0.029072,0.011958,-0.0097612,-0.038786,-0.067566,-0.063807,0.060341,0.064416,0.059966,0.053516,0.043697,0.032568,0.014005,-0.0057208,-0.026116,-0.051055,0.051765,0.061351,0.061738,0.054455,0.044313,0.033164,0.015162,0.0015322,-0.0056079,-0.016045,-0.029902,0.039278,0.04982,0.05647,0.049836,0.040006,0.031755,0.017756,0.010688,0.015556,0.021222,0.0010064,0.032462,0.037359,0.044441,0.040353,0.033942,0.032059,0.021673,0.016696,0.030591,0.04414,0.020017,0.029918,0.026168,0.031076,0.030949,0.029541,0.032152,0.025207,0.019534,0.034371,0.044567,0.019855,0.027556,0.018217,0.021782,0.026294,0.026864,0.028929,0.026606,0.022308,0.032058,0.029823,0.022772,0.013497,0.018077,0.025926,0.025135,0.025013,0.02696,0.029607,0.032901,0.015881,0.01394,0.0083808,0.015401,0.024968,0.023408,0.024163,0.032027,0.043166,0.043649,0.013845,0.0048739,0.0017049,0.0074613,0.015753,0.018875,0.028011,0.044014,0.060394,0.060205,-0.00034074,-0.0074479,-0.0069414,-6.49E-05,0.011587,0.033631,0.057954,0.071274,-0.0071415,-0.015526,-0.018293,-0.012333,0.0067717,0.040132,0.066701,0.06829,-0.012189,-0.014112,-0.014244,-0.0099791,0.0089836,0.044652,0.064384,-0.00072836,0.0060581,0.0092049,0.0085855,0.016839,0.043849,0.021047,0.033687,0.035302,0.027761,0.024615
1966,0.061387,0.069954,0.087836,0.096478,0.089704,0.085803,0.085544,0.076789,0.056894,0.00037782,-0.06569,0.05705,0.065112,0.08507,0.099205,0.10254,0.097737,0.09037,0.085008,0.076404,0.019712,-0.066952,0.053901,0.065372,0.084599,0.097775,0.10748,0.10726,0.09473,0.084981,0.080363,0.031078,-0.061975,0.051799,0.066427,0.085475,0.093109,0.10247,0.10956,0.097922,0.084497,0.078616,0.038141,-0.048627,-0.093947,0.04948,0.064619,0.082857,0.086289,0.091257,0.10262,0.096195,0.084744,0.077262,0.04423,-0.029738,-0.087956,0.046054,0.058749,0.076735,0.079385,0.080381,0.089214,0.088077,0.083529,0.077332,0.049179,-0.010615,-0.073347,-0.11143,0.046102,0.053728,0.071039,0.076578,0.075093,0.076157,0.074546,0.077633,0.074874,0.051062,0.0038171,-0.057999,-0.1079,0.051024,0.05519,0.067148,0.076904,0.077372,0.069321,0.061343,0.065615,0.067309,0.048195,0.011689,-0.045365,-0.10708,0.054112,0.061817,0.064538,0.073755,0.081126,0.070655,0.054215,0.053073,0.055253,0.040413,0.014708,-0.035835,-0.10251,0.052206,0.06519,0.061127,0.065415,0.078803,0.073267,0.053136,0.045547,0.042501,0.03038,0.011031,-0.027301,-0.09967,0.046208,0.060257,0.056624,0.056064,0.068257,0.067846,0.052216,0.042041,0.033376,0.021028,0.0043589,-0.02698,-0.07536,0.038884,0.049394,0.048744,0.047067,0.052936,0.054105,0.045941,0.038204,0.02702,0.014172,-0.00092759,-0.022856,-0.056346,0.031692,0.03612,0.038225,0.037819,0.037971,0.038667,0.035938,0.030075,0.019722,0.00013708,-0.0038587,-0.018779,-0.040074,0.026544,0.025748,0.027831,0.02835,0.025803,0.027499,0.026827,0.017661,0.0090879,-0.0073624,-0.0055393,-0.024011,0.023459,0.020974,0.01943,0.018182,0.016013,0.020569,0.020126,0.0045736,-0.0043778,-0.015115,-0.0037839,-0.0047891,0.018903,0.017565,0.012413,0.0072473,0.0070056,0.014667,0.01362,-0.0073948,-0.01839,-0.022975,0.011765,0.011333,0.0051923,-0.0034237,-0.0031356,0.005808,0.0043349,-0.019185,-0.032933,-0.034294,0.0039956,0.0037431,-0.0010167,-0.011978,-0.013149,-0.0060242,-0.0084429,-0.030462,-0.04645,-0.0013149,-0.0025114,-0.0051855,-0.015837,-0.020203,-0.01701,-0.019961,-0.037215,-0.056049,-0.0024799,-0.0067041,-0.0085944,-0.0163,-0.023618,-0.023452,-0.024703,-0.03682,-0.05814,-0.0015626,-0.0094418,-0.012232,-0.016351,-0.023773,-0.023384,-0.0213,-0.029103,-0.04962,-0.074154,-0.071312,-0.0042939,-0.011339,-0.014783,-0.016485,-0.021838,-0.019244,-0.015046,-0.018737,-0.032414,-0.05184,-0.011351,-0.012115,-0.014092,-0.015653,-0.019386,-0.01532,-0.010587,-0.010157,-0.011992,-0.016037,-0.030638,-0.018308,-0.012819,-0.010392,-0.014476,-0.017714,-0.013346,-0.0093437,-0.0049848,0.0059521,0.017561,-6.96E-05,-0.020978,-0.016525,-0.0097304,-0.015059,-0.018843,-0.013735,-0.010546,-0.004136,0.017234,0.038286,0.020256,-0.020878,-0.025348,-0.017906,-0.020136,-0.022979,-0.016077,-0.012342,-0.0051385,0.022646,0.043412,0.025568,-0.01917,-0.033092,-0.029958,-0.027487,-0.028862,-0.019695,-0.011808,-0.0017094,0.025682,0.037585,-0.011513,-0.028591,-0.032338,-0.030875,-0.032405,-0.022085,-0.0079855,0.0093289,0.030277,0.029016,0.0015426,-0.0098047,-0.01779,-0.023783,-0.028087,-0.018406,0.00076047,0.024326,0.038234,0.025156,0.017548,0.013504,0.0041055,-0.0070232,-0.012769,-0.002602,0.021167,0.042732,0.048803,0.030967,0.03064,0.02162,0.010847,0.011313,0.029498,0.053017,0.061201,0.037082,0.041553,0.039907,0.035016,0.042089,0.067526,0.080895,0.06815,0.042058,0.058108,0.067114,0.067574,0.07244,0.091798,0.088726,0.049364,0.077708,0.094789,0.092637,0.085894,0.092687,0.058568,0.085668,0.099685,0.092556,0.080515
1967,0.023138,0.02449,0.035958,0.045409,0.050312,0.051534,0.048187,0.044029,0.025482,-0.014663,-0.058439,0.023828,0.024194,0.035682,0.049595,0.056699,0.056117,0.046594,0.04324,0.035667,-0.005861,-0.064085,0.023528,0.027481,0.037281,0.052921,0.067529,0.06719,0.055128,0.045139,0.040855,0.001993,-0.064315,0.026116,0.033797,0.045252,0.057114,0.076268,0.08081,0.068964,0.054649,0.047841,0.011043,-0.057985,-0.09383,0.036627,0.0432,0.056431,0.064843,0.08082,0.089915,0.080955,0.06822,0.059169,0.023036,-0.042862,-0.078044,0.049481,0.054266,0.06673,0.075178,0.086268,0.092627,0.087633,0.080444,0.072207,0.03806,-0.020728,-0.064962,-0.10046,0.058605,0.066412,0.07735,0.086525,0.094652,0.094104,0.088674,0.087811,0.084067,0.052819,0.0013211,-0.04639,-0.10063,0.065508,0.076143,0.084365,0.093513,0.10195,0.099197,0.08991,0.090832,0.089172,0.061979,0.016811,-0.036513,-0.085201,0.067283,0.081128,0.086559,0.093704,0.10574,0.10669,0.095429,0.091675,0.085964,0.060931,0.024132,-0.019561,-0.074703,0.062973,0.081114,0.085071,0.089479,0.10282,0.1099,0.10058,0.0909,0.07723,0.051745,0.025652,0.0011289,-0.06798,0.058005,0.076094,0.080045,0.082151,0.09295,0.10325,0.098728,0.086202,0.065138,0.038639,0.031288,0.013248,-0.043577,0.055131,0.06749,0.072784,0.073551,0.079864,0.088334,0.087831,0.075673,0.050437,0.024094,0.026731,0.022827,-0.0097309,0.055764,0.060241,0.064945,0.06559,0.067363,0.070132,0.070919,0.059404,0.033188,0.010394,0.02952,0.026378,0.0086837,0.058286,0.056709,0.058135,0.058289,0.056788,0.054525,0.053556,0.041301,0.015447,0.0041516,0.024779,0.026022,0.062076,0.057095,0.05291,0.051254,0.048874,0.044953,0.039439,0.024059,0.0001808,-0.0022927,0.022245,0.036558,0.062713,0.059022,0.050291,0.043687,0.040969,0.038896,0.028541,0.0076627,-0.013216,-0.0082389,0.05737,0.056337,0.04691,0.034431,0.030298,0.030299,0.018537,-0.0071743,-0.026472,-0.018891,0.047968,0.047877,0.042144,0.026346,0.018474,0.01908,0.0077501,-0.018894,-0.039577,0.036308,0.035233,0.034546,0.020414,0.0072631,0.0067141,-0.0040475,-0.027772,-0.05183,0.02809,0.02391,0.023802,0.014236,-0.00080081,-0.005064,-0.014827,-0.034304,-0.060798,0.024316,0.016221,0.012705,0.0064296,-0.0055261,-0.012486,-0.021518,-0.037205,-0.062076,-0.089881,-0.086359,0.021918,0.011665,0.0044017,-0.0015571,-0.0095511,-0.014729,-0.02298,-0.03535,-0.052506,-0.074462,0.018107,0.010157,0.0014494,-0.0072046,-0.015221,-0.015888,-0.021405,-0.028581,-0.034773,-0.044367,-0.062235,0.014652,0.0096938,0.0017229,-0.010447,-0.02147,-0.019687,-0.021017,-0.021754,-0.016146,-0.016028,-0.038609,0.014309,0.0090332,0.00084689,-0.013914,-0.026469,-0.022828,-0.021262,-0.019448,-0.003972,0.0021154,-0.020867,0.015438,0.0064137,-0.0018961,-0.016914,-0.028329,-0.022711,-0.019897,-0.020261,-0.00067991,0.0080237,-0.013589,0.016175,0.0050411,-0.0029128,-0.01402,-0.02397,-0.019554,-0.016576,-0.019596,-0.0023547,0.0033438,0.016181,0.0094999,0.0033184,-0.0034161,-0.013638,-0.01433,-0.010858,-0.0099933,0.00019037,-0.0054615,0.016204,0.01742,0.016075,0.011317,-0.00059576,-0.0053194,0.0016743,0.010712,0.012734,-0.0076716,0.017445,0.023073,0.024903,0.021549,0.010026,0.0083064,0.022914,0.036459,0.030041,0.01743,0.022585,0.024232,0.023135,0.017492,0.026369,0.046949,0.054943,0.014432,0.020583,0.022442,0.023276,0.027056,0.046946,0.065831,0.059956,0.011849,0.025961,0.035088,0.036616,0.041797,0.063861,0.073678,0.018383,0.044786,0.064444,0.062862,0.05761,0.070952,0.036019,0.065757,0.086515,0.080721,0.064453
1968,-0.0020392,0.0050766,0.018331,0.016158,0.0025858,0.0012613,-0.0027816,-0.0092116,-0.0088821,-0.020368,-0.040361,-0.00042372,0.0030083,0.014958,0.018801,0.0092089,0.0028302,-0.0095773,-0.013796,-0.0060266,-0.02119,-0.050195,0.0055519,0.0062252,0.013033,0.017513,0.014178,0.00736,-0.013197,-0.022977,-0.013503,-0.031081,-0.063871,0.011767,0.011598,0.0142,0.013436,0.012958,0.011625,-0.0085777,-0.024644,-0.021231,-0.043033,-0.076617,-0.072857,0.01194,0.013065,0.015435,0.010568,0.008944,0.014356,0.0025564,-0.016132,-0.022604,-0.049165,-0.083152,-0.085327,0.0087113,0.0096887,0.014311,0.011969,0.0095357,0.016477,0.013013,-0.004363,-0.018461,-0.047953,-0.080472,-0.089276,-0.088915,0.0056976,0.0053176,0.0098015,0.01581,0.017253,0.019051,0.018794,0.0051329,-0.014059,-0.043638,-0.07102,-0.084979,-0.09097,0.0024841,0.0044334,0.0073354,0.018815,0.026623,0.024478,0.021706,0.0097649,-0.013515,-0.041367,-0.059884,-0.077433,-0.097239,0.00077581,0.0066244,0.0097296,0.020226,0.033766,0.033952,0.023335,0.0085658,-0.01741,-0.041083,-0.050287,-0.076631,-0.10313,0.0035109,0.012435,0.01524,0.022663,0.039013,0.043284,0.026971,0.0055856,-0.022886,-0.041602,-0.050698,-0.067075,-0.10272,0.0084929,0.016978,0.020855,0.026414,0.039512,0.044693,0.031326,0.0054343,-0.02631,-0.047331,-0.047886,-0.054323,-0.09904,0.014117,0.016355,0.022059,0.028927,0.036378,0.037852,0.030579,0.0077883,-0.027477,-0.067953,-0.046335,-0.043295,-0.084243,0.019252,0.01529,0.021392,0.02987,0.031989,0.028417,0.026299,0.0097872,-0.026825,-0.071447,-0.041503,-0.036022,-0.062168,0.023923,0.017473,0.021345,0.027951,0.025777,0.020006,0.020802,0.0082991,-0.025243,-0.061987,-0.045348,-0.038179,0.028991,0.022167,0.022406,0.02315,0.018607,0.014006,0.012923,0.00066324,-0.025703,-0.053956,-0.035593,-0.018091,0.032854,0.027242,0.02238,0.016164,0.0099005,0.0076024,0.0021323,-0.012038,-0.029531,-0.040256,0.032509,0.029191,0.020185,0.0075508,-0.0012265,-0.001944,-0.01043,-0.026058,-0.036532,-0.037202,0.029849,0.029967,0.020093,0.0022035,-0.010961,-0.012096,-0.021073,-0.03652,-0.045455,0.027211,0.027865,0.021991,0.0041219,-0.014057,-0.018461,-0.026138,-0.038843,-0.051312,0.028512,0.026741,0.021651,0.0093891,-0.010851,-0.020271,-0.024971,-0.033315,-0.050963,0.033706,0.030122,0.020904,0.011556,-0.0067362,-0.018506,-0.020096,-0.024041,-0.042512,-0.065545,-0.058365,0.039768,0.035235,0.02324,0.011228,-0.0052309,-0.015435,-0.014582,-0.014172,-0.025111,-0.041879,0.044533,0.039801,0.029301,0.015017,-0.00013909,-0.008175,-0.006691,-0.0029958,-0.0033443,-0.0067241,-0.015783,0.050435,0.045128,0.036975,0.02242,0.0091047,0.0042372,0.0051038,0.0091657,0.015942,0.023449,0.011683,0.056503,0.048368,0.04201,0.029628,0.018721,0.017925,0.018068,0.018815,0.030534,0.044324,0.030401,0.059733,0.048505,0.045128,0.039401,0.031292,0.033151,0.031245,0.027753,0.040194,0.053156,0.035151,0.060795,0.049389,0.04967,0.05073,0.044401,0.045162,0.042407,0.037038,0.046057,0.049864,0.060322,0.049794,0.053097,0.058281,0.051371,0.047131,0.04613,0.044886,0.050513,0.041485,0.056883,0.049802,0.051892,0.056329,0.047555,0.041967,0.046404,0.051829,0.055245,0.036183,0.048684,0.046684,0.044629,0.043601,0.035843,0.035994,0.048447,0.058694,0.058289,0.032763,0.03534,0.031798,0.029326,0.028213,0.038921,0.056159,0.062326,0.014816,0.020843,0.021192,0.021719,0.031344,0.053217,0.067435,0.059108,0.0024972,0.017156,0.027126,0.030153,0.041421,0.065428,0.070564,0.0027515,0.030993,0.053198,0.053239,0.051634,0.065948,0.014835,0.0464,0.071766,0.067661,0.05396
1969,0.033264,0.024805,0.035916,0.038724,0.032691,0.026857,0.014871,0.0008076,-0.012225,-0.043884,-0.091843,0.038492,0.02713,0.034268,0.041112,0.042458,0.034523,0.012148,-0.0011063,-0.0072337,-0.043079,-0.10228,0.045434,0.034401,0.033702,0.039728,0.048066,0.04156,0.010829,-0.0092546,-0.011898,-0.048721,-0.11252,0.051218,0.045286,0.040899,0.039526,0.046898,0.046796,0.018774,-0.0090797,-0.014374,-0.052356,-0.11916,-0.13058,0.053996,0.054506,0.054575,0.04645,0.047543,0.05419,0.034341,0.0041469,-0.0087799,-0.048931,-0.11653,-0.14115,0.0522,0.055949,0.062926,0.056758,0.053066,0.060063,0.046833,0.021989,0.0013831,-0.040446,-0.10335,-0.15717,-0.14829,0.049693,0.0511,0.059852,0.062692,0.062909,0.064829,0.051885,0.032037,0.0080816,-0.032583,-0.084696,-0.1237,-0.1493,0.048616,0.047407,0.051991,0.061254,0.071401,0.071356,0.054131,0.032148,0.0068736,-0.029674,-0.065503,-0.11103,-0.14167,0.044625,0.046271,0.044487,0.0542,0.072122,0.076575,0.057296,0.030346,0.00066078,-0.030663,-0.056556,-0.088444,-0.12917,0.038382,0.046705,0.041472,0.046319,0.064796,0.072983,0.058016,0.030754,-0.0030214,-0.032352,-0.046233,-0.071053,-0.1131,0.031549,0.045388,0.041507,0.041082,0.053146,0.059874,0.051728,0.03009,-0.0035128,-0.032868,-0.044713,-0.049529,-0.092527,0.02155,0.036758,0.039581,0.039024,0.04285,0.043992,0.038907,0.024101,-0.0054992,-0.036572,-0.04061,-0.039532,-0.069973,0.010065,0.024784,0.03607,0.038205,0.036465,0.030893,0.024163,0.011865,-0.011757,-0.035476,-0.029218,-0.029271,-0.048154,0.0048026,0.018027,0.032451,0.036793,0.032531,0.025078,0.016748,0.00054967,-0.020836,-0.03544,-0.025932,-0.028377,0.0030197,0.01525,0.026993,0.032567,0.030668,0.025115,0.015797,-0.0060673,-0.028948,-0.039033,-0.021668,-0.012669,-0.00014594,0.012794,0.021275,0.02576,0.027694,0.026532,0.014462,-0.01143,-0.036135,-0.040422,-0.0015012,0.010438,0.014233,0.014744,0.018981,0.024457,0.011602,-0.016334,-0.040233,-0.039667,-0.0022995,0.0054183,0.0054245,0.0024067,0.0055016,0.013623,0.0062241,-0.017652,-0.040804,-0.0033797,0.00012265,-5.90E-05,-0.0054967,-0.0060489,0.00079595,0.00016127,-0.015418,-0.038529,-0.00026094,-0.0020199,-0.0007184,-0.0072947,-0.011781,-0.0060002,-0.0027479,-0.011084,-0.03514,0.0054489,0.00014493,-0.00037541,-0.005851,-0.013896,-0.0087496,-0.0025847,-0.0060773,-0.027698,-0.053414,-0.058005,0.0057131,0.0020709,-0.00090592,-0.0048402,-0.013773,-0.011052,-0.0031794,-0.0019255,-0.01385,-0.030316,-0.0014568,0.00018406,0.00017121,-0.0054242,-0.013076,-0.01205,-0.0055854,0.00083855,0.0017846,0.0010215,-0.014617,-0.0072901,-0.002828,0.0018453,-0.0047437,-0.012439,-0.010859,-0.0065994,0.0020209,0.014858,0.026112,0.0098426,-0.0067682,-0.0053846,0.00080515,-0.0020227,-0.0090391,-0.0065868,-0.0042437,0.0036998,0.024818,0.040445,0.023551,-0.0019188,-0.008077,-0.0041158,0.00055378,-0.0014587,0.0013981,0.002542,0.0097532,0.030683,0.044443,0.024978,0.003458,-0.0092066,-0.009702,-0.00022167,0.0041847,0.0084814,0.01149,0.018404,0.034347,0.040519,0.0090857,-0.0037217,-0.0082449,-0.00071939,0.004374,0.010014,0.019005,0.030077,0.041954,0.035569,0.014822,0.0077553,0.0029722,0.0023074,0.0026231,0.0089982,0.027053,0.047529,0.05501,0.034686,0.018147,0.018547,0.014199,0.0060836,0.0024078,0.011838,0.039206,0.063859,0.06598,0.017276,0.021828,0.017243,0.0083804,0.0071142,0.026008,0.054157,0.06863,0.014149,0.019259,0.017204,0.012757,0.021982,0.04799,0.065372,0.060211,0.01376,0.023919,0.029447,0.031228,0.043035,0.063908,0.065264,0.021812,0.042071,0.055892,0.056043,0.056384,0.064472,0.035775,0.059754,0.074072,0.067244,0.057298
1970,-0.012143,-0.021138,-0.015189,-0.024681,-0.041449,-0.046285,-0.053015,-0.055163,-0.05777,-0.084778,-0.13366,-0.011586,-0.024078,-0.018545,-0.022165,-0.038493,-0.051296,-0.06268,-0.055056,-0.050618,-0.092388,-0.14794,-0.0073205,-0.019769,-0.02176,-0.024241,-0.033011,-0.045463,-0.063697,-0.060312,-0.053754,-0.10647,-0.17885,-0.004309,-0.012707,-0.021545,-0.029486,-0.026894,-0.030378,-0.053668,-0.060539,-0.058383,-0.11864,-0.20414,-0.19093,-0.0024488,-0.0090037,-0.016547,-0.030334,-0.02257,-0.018408,-0.04069,-0.053934,-0.057937,-0.12072,-0.21496,-0.21775,0.0019366,-0.0085131,-0.010943,-0.025239,-0.019788,-0.01446,-0.032907,-0.045726,-0.053951,-0.11248,-0.20417,-0.22423,-0.20919,0.011362,-0.0056958,-0.0081245,-0.017575,-0.016135,-0.014988,-0.030853,-0.042771,-0.052323,-0.099582,-0.17635,-0.21039,-0.22394,0.023181,0.0040706,-0.0043682,-0.011739,-0.013759,-0.016843,-0.032078,-0.046531,-0.056306,-0.089116,-0.14214,-0.1816,-0.2245,0.032297,0.018153,0.0041722,-0.0067545,-0.010711,-0.016418,-0.033677,-0.052569,-0.064317,-0.08407,-0.11201,-0.14861,-0.21463,0.039407,0.030556,0.01432,-0.00068934,-0.0075536,-0.014983,-0.034442,-0.05682,-0.071791,-0.084205,-0.098346,-0.12072,-0.1989,0.044827,0.040152,0.022552,0.0049132,-0.0055124,-0.015486,-0.035278,-0.056998,-0.07486,-0.086015,-0.087623,-0.10173,-0.17839,0.049221,0.045237,0.029751,0.012283,-0.0025232,-0.017644,-0.03648,-0.053909,-0.072429,-0.091265,-0.084057,-0.092744,-0.15413,0.054154,0.048484,0.036782,0.022447,0.0023733,-0.020232,-0.037354,-0.050075,-0.068407,-0.087599,-0.085279,-0.081474,-0.12796,0.061012,0.053277,0.043232,0.031696,0.01046,-0.016579,-0.035895,-0.048551,-0.066551,-0.081904,-0.079822,-0.098252,0.068562,0.060471,0.051821,0.041121,0.022155,-0.0037366,-0.028003,-0.047595,-0.065835,-0.06931,-0.069988,-0.070082,0.076486,0.069367,0.061622,0.050929,0.034864,0.012514,-0.014626,-0.040634,-0.05798,-0.056982,0.082158,0.079028,0.069765,0.062089,0.049044,0.029103,0.0014846,-0.023373,-0.040836,-0.045978,0.08403,0.086181,0.078946,0.075084,0.066112,0.048058,0.021112,-0.00011823,-0.021273,0.084768,0.089418,0.087313,0.087174,0.08393,0.06731,0.042671,0.019368,-0.0080415,0.087338,0.091412,0.092246,0.097016,0.098122,0.082411,0.060928,0.033946,0.0019753,0.092522,0.093049,0.094528,0.10298,0.10636,0.092996,0.075996,0.049839,0.017895,-0.0069277,-0.01185,0.09541,0.093893,0.094264,0.10496,0.11064,0.1016,0.088991,0.066469,0.039912,0.019915,0.09285,0.094223,0.095179,0.10496,0.11068,0.10775,0.099906,0.081151,0.064049,0.056055,0.045469,0.088838,0.092973,0.097614,0.1046,0.10829,0.11224,0.10933,0.094282,0.086442,0.091473,0.076886,0.086793,0.090482,0.097707,0.10302,0.1072,0.11668,0.11676,0.10425,0.10235,0.11242,0.092086,0.084011,0.086707,0.094524,0.10203,0.10801,0.11898,0.11987,0.10929,0.10815,0.11272,0.088007,0.080621,0.083955,0.091278,0.10026,0.10714,0.11615,0.11786,0.11057,0.10836,0.10097,0.076422,0.082852,0.091725,0.098871,0.10236,0.10852,0.11328,0.11404,0.109,0.088677,0.069435,0.07954,0.091238,0.097013,0.095303,0.10145,0.11206,0.12086,0.11351,0.082898,0.067212,0.076492,0.08564,0.090763,0.090465,0.10101,0.11842,0.12865,0.11631,0.059888,0.066934,0.071753,0.077943,0.087405,0.10845,0.12933,0.12894,0.043956,0.051488,0.05748,0.065803,0.085219,0.11669,0.1321,0.11497,0.029026,0.040447,0.052259,0.062627,0.081984,0.11278,0.11753,0.022386,0.04085,0.056455,0.062428,0.072164,0.093083,0.031376,0.049725,0.061251,0.058392,0.057165
1971,0.03201,0.032254,0.036996,0.036622,0.035793,0.041526,0.03222,0.016614,0.0015302,-0.031862,-0.066306,0.03737,0.03706,0.039113,0.034983,0.036073,0.041703,0.028926,0.016449,0.0091576,-0.032708,-0.08125,0.044214,0.044972,0.040496,0.029978,0.033544,0.04313,0.028488,0.01274,0.0069359,-0.03828,-0.096064,0.048698,0.054369,0.046108,0.028928,0.030666,0.042528,0.031292,0.013434,0.0032249,-0.042909,-0.10347,-0.099165,0.048841,0.058055,0.054976,0.034085,0.029446,0.039388,0.035002,0.020038,0.0041628,-0.042118,-0.097756,-0.099491,0.047049,0.053485,0.057311,0.041335,0.030674,0.036074,0.035692,0.025697,0.0074354,-0.036315,-0.088959,-0.08708,-0.084926,0.042021,0.044584,0.049023,0.043756,0.033548,0.032697,0.030945,0.02385,0.0067383,-0.030191,-0.065939,-0.070557,-0.084664,0.036082,0.035645,0.0367,0.038491,0.035882,0.030714,0.024913,0.017509,0.0015971,-0.027366,-0.057797,-0.055422,-0.079996,0.025164,0.025576,0.022203,0.027271,0.034388,0.03057,0.021632,0.01198,-0.0075264,-0.029205,-0.044343,-0.045376,-0.074281,0.011696,0.01405,0.0070394,0.01245,0.025076,0.026627,0.01874,0.0063998,-0.019,-0.037895,-0.0408,-0.04304,-0.069072,0.0038068,0.0082772,0.00074048,-0.00048375,0.0098725,0.015667,0.012152,-0.0013329,-0.029486,-0.052465,-0.044884,-0.044395,-0.06386,0.0058597,0.0089791,0.0042929,-0.0044943,-0.0037994,0.0010108,0.001077,-0.010926,-0.038338,-0.05861,-0.056095,-0.043926,-0.058032,0.012371,0.010811,0.0091751,-0.00076717,-0.0097091,-0.010923,-0.011864,-0.022955,-0.050905,-0.06453,-0.063184,-0.044712,-0.054129,0.019067,0.013685,0.01224,0.0041992,-0.0079848,-0.015705,-0.0218,-0.034796,-0.057239,-0.066813,-0.056909,-0.045229,0.023564,0.017712,0.015085,0.008114,-0.0027016,-0.01375,-0.027089,-0.044002,-0.062018,-0.064161,-0.050289,-0.027954,0.024752,0.02046,0.017395,0.010942,0.00088309,-0.010547,-0.02922,-0.050937,-0.064889,-0.058373,0.023867,0.022936,0.020408,0.012115,3.98E-05,-0.0096424,-0.029686,-0.05545,-0.068219,-0.055823,0.02415,0.024389,0.024078,0.014772,0.00036633,-0.0081049,-0.027132,-0.055202,-0.069622,0.028079,0.024421,0.023792,0.017752,0.0034979,-0.0055297,-0.022329,-0.049066,-0.068682,0.035131,0.026384,0.020588,0.018242,0.0067036,-0.003981,-0.017165,-0.038989,-0.064392,0.043464,0.029945,0.017189,0.015828,0.0087607,-0.0030621,-0.013441,-0.028596,-0.052413,-0.077837,-0.07262,0.050867,0.033276,0.014898,0.011307,0.0086082,-0.0011692,-0.011237,-0.018905,-0.032554,-0.053156,0.053107,0.037185,0.016572,0.0071999,0.0055302,0.00011346,-0.0084383,-0.0099556,-0.011853,-0.017694,-0.025818,0.049745,0.039367,0.02148,0.005662,0.0010895,0.00087552,-0.0050593,-0.0050384,0.0027315,0.012315,0.0055584,0.046874,0.037702,0.025012,0.0062711,-0.0009835,0.0027664,-0.0016434,-0.0057271,0.0082819,0.030296,0.024778,0.045219,0.034604,0.023829,0.0067163,-0.0014494,0.0036014,-0.00045379,-0.0087253,0.0074574,0.033342,0.027123,0.040089,0.029571,0.0194,0.0057812,-0.0025168,0.00038592,-0.0013369,-0.0077116,0.0084538,0.026282,0.028948,0.022871,0.015994,0.0065925,-0.0032323,-0.0045167,-0.0026425,0.0020995,0.017213,0.018635,0.017565,0.018899,0.018131,0.011073,-0.0019931,-0.0064562,0.001787,0.020156,0.032672,0.018297,0.0091321,0.017295,0.0214,0.014245,0.00072964,0.00065659,0.018577,0.041762,0.047542,0.003429,0.012006,0.015695,0.01136,0.0059915,0.020561,0.045493,0.059208,-0.00028941,0.0087205,0.011035,0.010408,0.019693,0.047494,0.068451,0.063218,-0.001107,0.014065,0.022991,0.026391,0.040611,0.068657,0.075393,0.0040321,0.032451,0.051777,0.05228,0.05592,0.074783,0.018864,0.055632,0.078698,0.07186,0.062379
1972,0.0041373,0.0044606,0.011258,0.023688,0.02727,0.031262,0.028228,0.020887,0.018891,0.0059421,-0.022654,0.014659,0.014867,0.018127,0.02888,0.03671,0.039944,0.032605,0.028298,0.030736,0.012587,-0.024811,0.025661,0.026156,0.027962,0.033616,0.044798,0.052195,0.04092,0.031064,0.0312,0.011215,-0.027826,0.033277,0.034537,0.037953,0.037739,0.049221,0.060636,0.05111,0.03393,0.028163,0.0059507,-0.030606,-0.045877,0.038721,0.039153,0.046783,0.043934,0.052219,0.063114,0.058965,0.038639,0.026284,0.0015543,-0.030622,-0.050938,0.041572,0.040404,0.05217,0.053632,0.057154,0.063293,0.061414,0.042841,0.026461,0.00013869,-0.029383,-0.052978,-0.068831,0.042817,0.038332,0.050251,0.061626,0.065462,0.063142,0.055878,0.041589,0.025239,-0.00099401,-0.028145,-0.046382,-0.066211,0.044206,0.038036,0.043638,0.061654,0.072613,0.06366,0.048198,0.034342,0.016606,-0.0080424,-0.027392,-0.041013,-0.065411,0.044512,0.040766,0.039459,0.05435,0.072713,0.065305,0.045334,0.026113,0.0011162,-0.022587,-0.032055,-0.036636,-0.063604,0.042167,0.043163,0.037988,0.044514,0.064391,0.064746,0.045713,0.019768,-0.016153,-0.04258,-0.039372,-0.034081,-0.064625,0.036901,0.042613,0.037159,0.03757,0.052203,0.057958,0.042531,0.013693,-0.028306,-0.058431,-0.049967,-0.037009,-0.058767,0.02983,0.039705,0.035238,0.034263,0.040341,0.046047,0.033098,0.0063079,-0.033058,-0.068229,-0.06854,-0.040908,-0.052392,0.022891,0.03378,0.033554,0.032128,0.030788,0.032942,0.02269,-0.0003559,-0.034291,-0.071256,-0.078201,-0.044595,-0.048653,0.016831,0.024683,0.029647,0.028488,0.023649,0.022602,0.015506,-0.004775,-0.035654,-0.069319,-0.063726,-0.040392,0.012079,0.017897,0.022745,0.021395,0.016625,0.015118,0.010659,-0.0096304,-0.037379,-0.063554,-0.053976,-0.026019,0.0078328,0.016194,0.019272,0.012254,0.0079922,0.0081665,0.0059942,-0.015652,-0.04808,-0.056205,0.0056808,0.015331,0.019408,0.0071373,-0.00074902,-0.00020038,-0.00078944,-0.022195,-0.043384,-0.05262,0.0072826,0.014793,0.02206,0.0096292,-0.0055134,-0.0084195,-0.010356,-0.027787,-0.047598,0.014489,0.018917,0.024805,0.015119,-0.006242,-0.015317,-0.019849,-0.032752,-0.053992,0.022191,0.023702,0.023731,0.016444,-0.0054332,-0.019185,-0.026319,-0.037028,-0.061029,0.024483,0.023199,0.019989,0.013252,-0.0050039,-0.01863,-0.027919,-0.038845,-0.062015,-0.093685,-0.08958,0.022987,0.0195,0.015862,0.0097494,-0.0057373,-0.016418,-0.025876,-0.036369,-0.05294,-0.075903,0.019758,0.016389,0.013697,0.0083785,-0.0056498,-0.015054,-0.023623,-0.031127,-0.037324,-0.042113,-0.053579,0.016455,0.014967,0.014255,0.0086324,-0.0033431,-0.011601,-0.021543,-0.02722,-0.021103,-0.011063,-0.025021,0.015561,0.014621,0.015267,0.008137,-0.00076738,-0.0049242,-0.015319,-0.022219,-0.0082022,0.0068468,-0.0067678,0.017106,0.012861,0.013012,0.0057083,0.00042488,0.0013377,-0.0067558,-0.014509,-0.0012765,0.010383,-0.0021785,0.019004,0.010561,0.0093771,0.0035799,0.00064657,0.0041449,1.27E-06,-0.0069668,0.00067769,0.0032759,0.021172,0.011772,0.0094829,0.0046269,0.00091684,0.0031766,0.0030127,0.00037927,0.0033707,-0.0062267,0.023523,0.017449,0.013509,0.0085444,0.0012059,0.0014616,0.0066431,0.011969,0.012374,-0.0081385,0.02233,0.022333,0.016027,0.010227,3.38E-05,0.0026336,0.017746,0.029684,0.027147,0.014362,0.019387,0.013935,0.0072072,0.00083791,0.012167,0.036247,0.047474,0.0027356,0.0094821,0.0085907,0.0036269,0.0072388,0.029396,0.054516,0.055432,-0.0048485,0.0064869,0.010574,0.0086041,0.019397,0.047965,0.065411,-0.0015783,0.019388,0.032085,0.029995,0.03378,0.058991,0.014675,0.040296,0.057375,0.052022,0.045049
1973,0.036876,0.035677,0.038907,0.040542,0.037542,0.039702,0.025322,-0.0019511,-0.017675,-0.037812,-0.070502,0.037207,0.035651,0.043469,0.049612,0.044672,0.04358,0.033267,0.0089235,-0.0036449,-0.030425,-0.074013,0.039334,0.039027,0.045886,0.048834,0.046049,0.044572,0.033073,0.0089064,-0.0023131,-0.032335,-0.079725,0.043728,0.045154,0.049385,0.042903,0.040161,0.042399,0.028042,0.0036677,-0.0096419,-0.040734,-0.086346,-0.079656,0.048505,0.051384,0.052061,0.039894,0.031293,0.03549,0.022462,-0.0022187,-0.01988,-0.051962,-0.092209,-0.09886,0.052405,0.054146,0.05409,0.041556,0.027244,0.025632,0.016401,-0.0067618,-0.02988,-0.063014,-0.096028,-0.10022,-0.090179,0.05725,0.05534,0.056121,0.045136,0.03108,0.019519,0.0093923,-0.010707,-0.036711,-0.071292,-0.10837,-0.097007,-0.094564,0.063369,0.059268,0.059804,0.053321,0.039915,0.02333,0.0062353,-0.012674,-0.038941,-0.073803,-0.098765,-0.08867,-0.095381,0.068096,0.066996,0.0652,0.065094,0.053237,0.034629,0.010807,-0.011915,-0.039098,-0.070431,-0.08314,-0.07704,-0.092363,0.067282,0.074319,0.070209,0.071434,0.064385,0.045641,0.019236,-0.0093088,-0.041562,-0.066148,-0.069483,-0.065196,-0.083759,0.061661,0.075336,0.073104,0.070853,0.067436,0.051493,0.025507,-0.0038839,-0.042154,-0.069407,-0.057228,-0.05311,-0.070216,0.05381,0.069555,0.07328,0.069381,0.064955,0.051283,0.030025,0.0061169,-0.032455,-0.059,-0.041024,-0.032364,-0.049136,0.044929,0.058667,0.069349,0.068145,0.061371,0.049181,0.034275,0.017957,-0.015479,-0.042708,-0.027989,-0.018166,-0.029597,0.037511,0.04643,0.060487,0.065079,0.058675,0.048912,0.03829,0.025404,-0.0023437,-0.024536,-0.01613,-0.01403,0.03337,0.036365,0.049647,0.05863,0.054922,0.049688,0.041501,0.027127,0.0031179,-0.011856,-0.0052541,-0.0036199,0.033819,0.031523,0.03823,0.049415,0.048831,0.048535,0.040346,0.023171,0.00046458,-0.0064134,0.037888,0.034381,0.030619,0.038851,0.042236,0.043883,0.034279,0.015103,-0.0072303,-0.0097626,0.043385,0.042823,0.031155,0.028844,0.034317,0.037278,0.028641,0.0095898,-0.014749,0.044571,0.044877,0.034724,0.023056,0.024754,0.02929,0.026118,0.011286,-0.015319,0.044786,0.039671,0.032975,0.023025,0.019712,0.02383,0.025622,0.017715,-0.010512,0.046172,0.038045,0.029706,0.026466,0.021134,0.025408,0.028967,0.023883,-0.0016905,-0.033515,-0.042733,0.046446,0.040209,0.031877,0.029114,0.024544,0.028886,0.033635,0.026314,0.0082219,-0.015285,0.045043,0.042374,0.037446,0.030577,0.024565,0.028721,0.035151,0.026194,0.016956,0.0085247,-0.0087154,0.043371,0.042937,0.040345,0.03246,0.023939,0.028641,0.034455,0.025858,0.024077,0.028379,0.010607,0.043024,0.041324,0.040058,0.034222,0.026566,0.032329,0.035321,0.026115,0.030191,0.040782,0.022913,0.04129,0.037411,0.03772,0.034455,0.030078,0.034722,0.034402,0.025795,0.033232,0.044129,0.026394,0.036741,0.033921,0.035318,0.034601,0.031549,0.032392,0.029994,0.025553,0.034544,0.039242,0.03003,0.030799,0.034899,0.036089,0.031303,0.029618,0.028687,0.030751,0.039109,0.03395,0.024573,0.028675,0.034716,0.036382,0.030722,0.030377,0.035901,0.045974,0.051509,0.035701,0.021328,0.025147,0.029663,0.032656,0.030055,0.035791,0.052285,0.068696,0.067486,0.018432,0.019405,0.021121,0.026666,0.031705,0.048574,0.072042,0.084432,0.013777,0.016365,0.019259,0.027398,0.04148,0.065921,0.085029,0.081886,0.012248,0.024901,0.03632,0.044844,0.056066,0.077324,0.084642,0.020613,0.047536,0.065687,0.066472,0.064994,0.07746,0.034169,0.064072,0.081634,0.074105,0.064027
1974,0.010977,0.0074767,0.018529,0.026576,0.022243,0.016104,0.0056384,-0.0045199,-0.012776,-0.04037,-0.07242,0.014338,0.0050424,0.01541,0.026758,0.026358,0.016359,-0.0019031,-0.0086617,-0.010882,-0.047714,-0.094499,0.017288,0.0050155,0.0081728,0.018689,0.023706,0.016244,-0.0079287,-0.017502,-0.017034,-0.059269,-0.11655,0.021478,0.0097313,0.0066552,0.0082559,0.014329,0.013004,-0.0094581,-0.023062,-0.024856,-0.069598,-0.13293,-0.11351,0.027915,0.017515,0.016684,0.010634,0.0090142,0.010202,-0.006535,-0.022702,-0.028738,-0.073805,-0.13788,-0.1494,0.032993,0.026128,0.029847,0.024963,0.014445,0.011032,-0.0030251,-0.018772,-0.027742,-0.071475,-0.12882,-0.14779,-0.13064,0.040899,0.034681,0.038369,0.037466,0.025072,0.014474,-0.0011023,-0.01578,-0.027128,-0.066495,-0.11101,-0.13601,-0.14344,0.050687,0.043596,0.041383,0.042847,0.036192,0.020947,0.0018202,-0.014543,-0.029638,-0.062488,-0.10082,-0.11926,-0.14131,0.056685,0.050113,0.041283,0.040729,0.041435,0.028237,0.0049258,-0.014357,-0.034104,-0.060456,-0.08868,-0.10665,-0.14017,0.057268,0.05335,0.040485,0.035558,0.039043,0.031567,0.008766,-0.014787,-0.038809,-0.058411,-0.073338,-0.090337,-0.14128,0.056657,0.055188,0.040839,0.031639,0.033943,0.030648,0.012966,-0.013602,-0.040808,-0.056742,-0.060823,-0.076355,-0.12673,0.056332,0.054787,0.040945,0.029452,0.026739,0.02273,0.010062,-0.013379,-0.040098,-0.056737,-0.05155,-0.063686,-0.10597,0.055242,0.05063,0.039635,0.029674,0.020649,0.010404,-0.00092419,-0.019482,-0.041435,-0.051604,-0.0456,-0.051113,-0.082046,0.053719,0.046176,0.037799,0.029789,0.018557,0.0044237,-0.011441,-0.033524,-0.049452,-0.049455,-0.041681,-0.060425,0.052544,0.045515,0.036107,0.026227,0.015287,0.0040536,-0.018674,-0.050911,-0.0634,-0.05193,-0.034986,-0.04325,0.051084,0.04734,0.035829,0.020774,0.0084878,0.0015017,-0.025479,-0.066118,-0.081762,-0.060527,0.047405,0.047602,0.036852,0.018031,0.0016367,-0.0054794,-0.032451,-0.075581,-0.093311,-0.077123,0.041702,0.043837,0.037165,0.019997,-0.00062744,-0.012212,-0.037212,-0.076591,-0.10166,0.035716,0.037945,0.03786,0.026197,0.0031503,-0.012809,-0.034966,-0.068151,-0.1005,0.033141,0.035223,0.039468,0.03459,0.013477,-0.0046891,-0.023494,-0.051893,-0.087358,0.036388,0.03836,0.039653,0.039219,0.025023,0.0080904,-0.0089935,-0.032627,-0.063207,-0.089947,-0.091308,0.039124,0.040736,0.036433,0.037162,0.03089,0.018858,0.0025553,-0.016112,-0.034708,-0.053802,0.036048,0.037985,0.032703,0.032843,0.030317,0.023529,0.0088716,-0.0055831,-0.011873,-0.018606,-0.035142,0.032142,0.033788,0.033049,0.029489,0.027296,0.024768,0.012853,0.0016329,0.0035249,0.0075175,-0.0081238,0.032532,0.031349,0.033646,0.026952,0.02486,0.028027,0.017545,0.0062026,0.012939,0.026188,0.0093225,0.033401,0.028273,0.029907,0.024618,0.023362,0.031542,0.022224,0.0085117,0.01791,0.0326,0.013497,0.032738,0.023466,0.023186,0.021369,0.020365,0.029277,0.024155,0.012376,0.020898,0.027831,0.032085,0.021765,0.018943,0.017653,0.013947,0.020609,0.02258,0.019622,0.025173,0.019686,0.032681,0.024992,0.018708,0.013454,0.0053605,0.0097557,0.021221,0.030306,0.033521,0.016881,0.031669,0.027389,0.018124,0.0088024,-0.0013578,0.0044346,0.026039,0.042841,0.043408,0.025382,0.022222,0.013454,0.0043577,-0.00051289,0.013217,0.038459,0.051612,0.015571,0.014526,0.011613,0.0061533,0.011991,0.033925,0.053682,0.051621,0.0092035,0.016736,0.025231,0.025156,0.031273,0.052494,0.060593,0.015119,0.036394,0.058396,0.058801,0.049171,0.059143,0.030873,0.059143,0.084603,0.080874,0.06187
1975,0.040092,0.043084,0.03679,0.014158,-0.013811,-0.038065,-0.059625,-0.067912,-0.062499,-0.071291,-0.095777,0.036658,0.046088,0.046299,0.02719,0.00033805,-0.025675,-0.05339,-0.058072,-0.048332,-0.066806,-0.10842,0.03276,0.046586,0.051465,0.035341,0.012207,-0.0071525,-0.039267,-0.051954,-0.045563,-0.069232,-0.11757,0.031873,0.045846,0.055621,0.041388,0.02181,0.0091199,-0.02007,-0.043523,-0.048245,-0.076737,-0.12927,-0.12545,0.0339,0.042062,0.058559,0.048625,0.028779,0.015497,-0.0080386,-0.033222,-0.049154,-0.083058,-0.13951,-0.14572,0.038442,0.036178,0.056438,0.054816,0.034339,0.014193,-0.0063786,-0.025568,-0.046581,-0.085066,-0.13547,-0.14774,-0.1471,0.048991,0.034518,0.049166,0.054418,0.038037,0.010642,-0.01049,-0.022686,-0.043728,-0.083153,-0.12178,-0.1382,-0.1592,0.060368,0.040428,0.041096,0.047626,0.038185,0.010839,-0.013033,-0.024002,-0.044116,-0.08071,-0.11131,-0.11963,-0.17615,0.068608,0.05075,0.038422,0.039679,0.035338,0.014372,-0.011094,-0.026448,-0.048693,-0.080513,-0.091741,-0.097664,-0.15197,0.073842,0.061639,0.044692,0.038709,0.034109,0.016547,-0.0077652,-0.028366,-0.054606,-0.08014,-0.074687,-0.07539,-0.14303,0.074548,0.069069,0.054988,0.04517,0.037408,0.016577,-0.0058134,-0.028547,-0.057416,-0.082266,-0.066244,-0.067073,-0.11709,0.07518,0.071935,0.064917,0.053992,0.042807,0.017669,-0.0044587,-0.02541,-0.053616,-0.074827,-0.062314,-0.055202,-0.092867,0.077476,0.072069,0.070792,0.064142,0.047468,0.023084,-0.0013951,-0.020402,-0.044725,-0.063392,-0.066584,-0.048001,-0.069389,0.080607,0.072995,0.073935,0.074488,0.056345,0.032801,0.006736,-0.016042,-0.037248,-0.049856,-0.055427,-0.048573,0.082203,0.07675,0.074919,0.079702,0.067725,0.045306,0.01849,-0.0095715,-0.031792,-0.036124,-0.039478,-0.030966,0.080073,0.080342,0.076406,0.079725,0.07468,0.055619,0.027958,-0.0029553,-0.027025,-0.02476,0.075301,0.079409,0.077429,0.076822,0.074827,0.059866,0.033324,0.0011987,-0.02463,-0.022056,0.070263,0.074285,0.075808,0.071553,0.068848,0.057248,0.032964,0.0019797,-0.025028,0.067717,0.068683,0.072317,0.068952,0.061206,0.049936,0.027529,-0.0012173,-0.027336,0.069144,0.067917,0.068311,0.070394,0.058454,0.043492,0.022292,-0.002876,-0.027914,0.072812,0.0708,0.067218,0.070598,0.060407,0.042984,0.024914,0.0025062,-0.020452,-0.041121,-0.041454,0.071404,0.072407,0.068226,0.06885,0.060642,0.046005,0.033232,0.013951,-0.0040777,-0.021754,0.060125,0.067795,0.0676,0.06708,0.059353,0.049284,0.042126,0.026478,0.014847,0.0075288,-0.0039618,0.044372,0.058119,0.065076,0.064671,0.058094,0.055494,0.052681,0.038642,0.031906,0.035735,0.022716,0.032629,0.047059,0.05991,0.060785,0.057097,0.06331,0.064384,0.049469,0.046768,0.05613,0.040566,0.027462,0.035206,0.050885,0.054656,0.05549,0.068531,0.072996,0.058348,0.058276,0.066187,0.046138,0.024019,0.0239,0.039127,0.048704,0.053176,0.06839,0.077062,0.067689,0.06735,0.066627,0.019761,0.016091,0.028725,0.044628,0.050913,0.064596,0.078403,0.079869,0.078154,0.064143,0.016222,0.013183,0.022416,0.040354,0.047865,0.06114,0.080636,0.09455,0.092611,0.066339,0.012015,0.010339,0.017302,0.032229,0.042589,0.060495,0.08666,0.10767,0.10517,0.0042167,0.0022151,0.007071,0.020027,0.035738,0.06465,0.095479,0.11059,-0.0050665,-0.0065536,-0.0041894,0.0070149,0.030843,0.070762,0.098133,0.096423,-0.01004,-0.0053397,-0.0015928,0.0056665,0.031331,0.070148,0.087371,-0.0088336,0.011314,0.022093,0.02268,0.033826,0.060376,0.0017669,0.033018,0.049356,0.042971,0.037059
1976,0.019278,0.013571,0.019466,0.020129,0.0099492,-0.001278,-0.016865,-0.029936,-0.042096,-0.061995,-0.088725,0.019163,0.01086,0.013946,0.017394,0.011534,-0.0029999,-0.022739,-0.029375,-0.034956,-0.060189,-0.090134,0.021108,0.011831,0.0090612,0.010896,0.014225,0.0042622,-0.017823,-0.03017,-0.035343,-0.066258,-0.1031,0.024576,0.014559,0.0083462,0.0028061,0.010318,0.010527,-0.0082777,-0.031222,-0.040869,-0.076434,-0.11536,-0.097768,0.026219,0.016771,0.012328,-0.00020293,-0.0006633,0.0063876,-0.0055519,-0.032153,-0.047067,-0.085385,-0.12133,-0.11803,0.027373,0.019121,0.017409,0.0044843,-0.0083706,-0.004829,-0.011174,-0.03041,-0.048094,-0.087793,-0.11804,-0.11702,-0.10538,0.032157,0.02445,0.02236,0.013796,-0.005023,-0.012444,-0.017092,-0.026632,-0.044194,-0.083358,-0.11056,-0.10918,-0.11894,0.037214,0.032233,0.028319,0.022957,0.0074066,-0.0074091,-0.016113,-0.024527,-0.04183,-0.076479,-0.095236,-0.095607,-0.12538,0.038022,0.0396,0.034662,0.029459,0.02201,0.0063935,-0.0093058,-0.025806,-0.045544,-0.072114,-0.082413,-0.081565,-0.12399,0.035942,0.044201,0.04025,0.033688,0.031259,0.018637,-0.00044782,-0.02696,-0.054051,-0.080184,-0.069777,-0.071681,-0.1236,0.034723,0.043911,0.043244,0.037814,0.036364,0.024723,0.0053197,-0.026256,-0.062039,-0.080473,-0.066207,-0.065724,-0.10937,0.03592,0.039667,0.042294,0.041391,0.037547,0.023489,0.0036655,-0.026393,-0.065967,-0.08683,-0.067646,-0.061536,-0.092557,0.038051,0.03479,0.037613,0.040657,0.034678,0.017772,-0.0026316,-0.029816,-0.066139,-0.084249,-0.067133,-0.053714,-0.073579,0.042559,0.03501,0.033133,0.035352,0.029688,0.013655,-0.0081177,-0.035873,-0.067053,-0.077957,-0.057601,-0.053208,0.044988,0.038204,0.032307,0.029562,0.025979,0.015451,-0.007296,-0.040163,-0.06639,-0.06805,-0.043843,-0.032704,0.045742,0.040687,0.033547,0.026089,0.024029,0.0207,-0.0016596,-0.040382,-0.066612,-0.055854,0.047292,0.045051,0.036959,0.025737,0.022077,0.023019,0.0024487,-0.037344,-0.06302,-0.052752,0.048397,0.050825,0.043413,0.02979,0.021163,0.021826,0.0043444,-0.030955,-0.058618,0.052183,0.054916,0.051243,0.038935,0.025156,0.021751,0.0070016,-0.020339,-0.049613,0.062409,0.061219,0.058691,0.05148,0.03635,0.026966,0.014065,-0.005733,-0.034401,0.07487,0.070193,0.06463,0.06062,0.048086,0.03616,0.026788,0.012605,-0.013814,-0.048086,-0.054345,0.081029,0.076459,0.068813,0.066344,0.055579,0.044703,0.040455,0.030167,0.007576,-0.021423,0.081287,0.079257,0.073734,0.071946,0.063127,0.053841,0.051864,0.041634,0.025382,0.010416,-0.0058005,0.083569,0.082847,0.081038,0.077095,0.070594,0.064576,0.061245,0.047465,0.037536,0.036862,0.019819,0.088133,0.089241,0.089236,0.083069,0.077072,0.075875,0.067807,0.048973,0.044606,0.051948,0.034886,0.088905,0.090973,0.092209,0.088074,0.083731,0.084355,0.070188,0.04882,0.048124,0.056028,0.037956,0.084566,0.085154,0.088172,0.088878,0.087461,0.086624,0.069284,0.049162,0.051121,0.054131,0.077259,0.079541,0.083541,0.086621,0.084649,0.082039,0.06772,0.054643,0.058176,0.051903,0.067043,0.078061,0.083921,0.084559,0.077241,0.074229,0.070798,0.069554,0.070789,0.053535,0.051735,0.072013,0.08153,0.080285,0.069659,0.069342,0.080956,0.089284,0.084781,0.030706,0.054064,0.067115,0.068342,0.063355,0.074295,0.095662,0.10195,0.0051595,0.02892,0.046438,0.052785,0.060842,0.085689,0.10519,0.097475,-0.02086,0.0076369,0.034372,0.047196,0.062814,0.092784,0.10238,-0.036109,0.002255,0.040127,0.055818,0.066078,0.089989,-0.026705,0.014472,0.055418,0.066049,0.065522
1977,-0.023389,-0.03375,-0.030837,-0.027726,-0.026169,-0.03059,-0.052356,-0.080401,-0.11538,-0.16055,-0.19166,-0.02068,-0.031063,-0.029175,-0.022161,-0.015617,-0.021829,-0.051391,-0.076287,-0.10574,-0.16545,-0.2219,-0.01424,-0.02237,-0.025922,-0.021569,-0.0093377,-0.015177,-0.052676,-0.083462,-0.10672,-0.17355,-0.23718,-0.0058492,-0.0095251,-0.016247,-0.022938,-0.010663,-0.013144,-0.054296,-0.094228,-0.11365,-0.18171,-0.24506,-0.20178,0.0025352,0.002114,6.85E-05,-0.015507,-0.013028,-0.013736,-0.055772,-0.10202,-0.12128,-0.18447,-0.25073,-0.2325,0.011747,0.010026,0.015174,0.0016408,-0.0070274,-0.012968,-0.054305,-0.10351,-0.1277,-0.18124,-0.22863,-0.22932,-0.20963,0.023215,0.021026,0.025635,0.017618,0.0061433,-0.0080841,-0.047661,-0.09853,-0.13301,-0.17598,-0.21351,-0.21443,-0.22225,0.036033,0.035198,0.034489,0.029296,0.022344,0.0038411,-0.034912,-0.087551,-0.13605,-0.17191,-0.20503,-0.19539,-0.22756,0.046225,0.046239,0.040696,0.036357,0.036689,0.021619,-0.016623,-0.06813,-0.13255,-0.16872,-0.18019,-0.17721,-0.22449,0.050759,0.05335,0.04547,0.040046,0.043125,0.035419,0.002957,-0.044248,-0.11701,-0.16215,-0.16315,-0.16092,-0.21225,0.05286,0.057815,0.050761,0.043932,0.043589,0.04032,0.018407,-0.021308,-0.089451,-0.14659,-0.15143,-0.14787,-0.19313,0.058338,0.059769,0.054677,0.0485,0.04383,0.039421,0.027732,-0.0010312,-0.057471,-0.12201,-0.1391,-0.13606,-0.16913,0.068893,0.065059,0.05785,0.054083,0.048607,0.040858,0.034262,0.016212,-0.029973,-0.092745,-0.12712,-0.12093,-0.14078,0.083365,0.075314,0.065456,0.06159,0.059063,0.049672,0.041134,0.027817,-0.010182,-0.062385,-0.097919,-0.10862,0.09997,0.090562,0.077142,0.068283,0.066908,0.060896,0.049538,0.035214,0.0057654,-0.033341,-0.059125,-0.075638,0.11274,0.10649,0.091698,0.074492,0.070083,0.069196,0.058992,0.042643,0.018799,-0.0093357,0.1169,0.11636,0.10549,0.084671,0.074727,0.075415,0.06832,0.051175,0.027662,0.0069214,0.116,0.12063,0.11461,0.097373,0.083561,0.081925,0.077706,0.060628,0.033168,0.11458,0.12088,0.11763,0.10854,0.095409,0.089658,0.086473,0.069708,0.037112,0.11528,0.11887,0.11668,0.11655,0.10796,0.097944,0.095897,0.081902,0.045311,0.11907,0.11972,0.11669,0.1221,0.11859,0.10749,0.1085,0.098684,0.061104,0.029017,0.023327,0.12324,0.12404,0.11955,0.12477,0.12317,0.11643,0.12075,0.11368,0.080134,0.049861,0.12392,0.12862,0.12515,0.12715,0.12305,0.12061,0.12822,0.12165,0.096858,0.076776,0.067239,0.11819,0.1297,0.1329,0.13207,0.12461,0.12434,0.132,0.12435,0.11077,0.10461,0.09124,0.10872,0.12427,0.13433,0.13491,0.12983,0.13382,0.13862,0.12795,0.12281,0.1234,0.10223,0.098433,0.11395,0.12809,0.13263,0.13342,0.14154,0.14522,0.13416,0.1316,0.12771,0.098165,0.086123,0.099306,0.11643,0.12547,0.13018,0.13962,0.14474,0.1403,0.13967,0.12396,0.074616,0.08484,0.10329,0.11588,0.11925,0.12715,0.13633,0.145,0.14726,0.11921,0.063077,0.074203,0.092623,0.10528,0.10566,0.11223,0.12746,0.14775,0.15147,0.11506,0.047492,0.061091,0.078523,0.090025,0.093633,0.10497,0.12461,0.14583,0.14597,0.02918,0.042319,0.057505,0.069643,0.081348,0.10357,0.124,0.13345,0.0092274,0.021088,0.034683,0.049517,0.068793,0.10009,0.11798,0.10891,-0.009592,0.006112,0.02167,0.037561,0.057771,0.088782,0.099538,-0.018717,0.0045521,0.023335,0.03488,0.048622,0.072118,-0.011718,0.01388,0.031881,0.037425,0.04232
1978,-0.013337,-0.02185,-0.01053,-0.0036655,-0.010638,-0.021904,-0.034784,-0.051562,-0.070134,-0.091851,-0.11022,-0.012997,-0.021339,-0.014476,-0.0090057,-0.0091258,-0.017907,-0.036798,-0.046556,-0.056101,-0.085649,-0.119,-0.0084978,-0.016918,-0.015791,-0.014343,-0.0079109,-0.0089738,-0.030028,-0.043009,-0.044932,-0.078697,-0.12538,-0.0014911,-0.0109,-0.014211,-0.017711,-0.0091943,-0.0021133,-0.016437,-0.032269,-0.035319,-0.071024,-0.12561,-0.12428,0.005461,-0.0028958,-0.008185,-0.017346,-0.013547,-0.00099163,-0.0047859,-0.017485,-0.027158,-0.063412,-0.11922,-0.15258,0.01159,0.0046377,-0.00059328,-0.012193,-0.016443,-0.0046083,0.00035627,-0.0059087,-0.020451,-0.054895,-0.1057,-0.13185,-0.13736,0.018527,0.010686,0.0042229,-0.0058306,-0.013637,-0.0086476,-0.0018626,-0.002283,-0.01559,-0.045722,-0.086712,-0.11671,-0.13796,0.026095,0.016665,0.0076061,-0.00025954,-0.0057637,-0.0075546,-0.0061543,-0.0051976,-0.015172,-0.039016,-0.066284,-0.096004,-0.13284,0.031353,0.02387,0.01266,0.0068103,0.0050738,-0.00027306,-0.0065068,-0.0093528,-0.019889,-0.03814,-0.05002,-0.082009,-0.1226,0.031663,0.03145,0.019146,0.013613,0.014282,0.0080497,-0.0016049,-0.010355,-0.026996,-0.043202,-0.051215,-0.064146,-0.10919,0.028787,0.036674,0.027683,0.020561,0.019565,0.014107,0.0048885,-0.0080729,-0.032931,-0.051267,-0.055442,-0.05116,-0.094966,0.026633,0.037581,0.038116,0.029764,0.024147,0.01837,0.0086259,-0.0054636,-0.034876,-0.057466,-0.058427,-0.048274,-0.079812,0.027245,0.03447,0.042147,0.036003,0.028721,0.020582,0.0089161,-0.0046316,-0.032736,-0.058259,-0.053239,-0.043899,-0.062558,0.027682,0.031295,0.037873,0.036488,0.030388,0.02089,0.0086162,-0.0040415,-0.026351,-0.051196,-0.046308,-0.043985,0.028291,0.029023,0.033327,0.033153,0.027913,0.019945,0.0094691,-0.0021218,-0.017721,-0.037906,-0.032596,-0.028942,0.032145,0.027729,0.029955,0.029534,0.025132,0.018903,0.010075,-0.00061828,-0.011886,-0.025588,0.040307,0.029534,0.027638,0.02695,0.021733,0.016075,0.010248,9.38E-06,-0.011802,-0.021311,0.048847,0.037832,0.027604,0.025087,0.019018,0.01318,0.010536,0.0014479,-0.014483,0.055333,0.046751,0.032597,0.025576,0.020706,0.016079,0.01426,0.0066016,-0.013887,0.060789,0.051877,0.03932,0.030937,0.028305,0.026144,0.024029,0.017518,-0.0058486,0.062609,0.056547,0.045179,0.040346,0.03937,0.038631,0.037037,0.030016,0.0076555,-0.019821,-0.031164,0.058661,0.059728,0.051432,0.048464,0.046879,0.047842,0.04729,0.038238,0.021947,0.0022382,0.054196,0.060016,0.056629,0.051919,0.047795,0.05051,0.05067,0.04017,0.031849,0.025129,0.011655,0.051905,0.05886,0.060031,0.053249,0.046398,0.048642,0.048442,0.039074,0.039184,0.04378,0.031995,0.054475,0.060792,0.063763,0.055318,0.046207,0.04679,0.044738,0.037341,0.044671,0.056105,0.043642,0.061299,0.06589,0.069806,0.060044,0.046813,0.045207,0.042009,0.036951,0.047044,0.057737,0.042646,0.066047,0.070089,0.076267,0.068607,0.050365,0.043602,0.040999,0.039596,0.04808,0.051264,0.066073,0.072101,0.080681,0.077099,0.05705,0.044284,0.043213,0.046656,0.052587,0.043274,0.062324,0.069931,0.079127,0.078194,0.06007,0.046206,0.047682,0.057516,0.060917,0.039803,0.05962,0.065503,0.071759,0.071823,0.059115,0.051355,0.057238,0.068381,0.067144,0.057859,0.058539,0.059289,0.060356,0.059377,0.064767,0.072179,0.072605,0.05373,0.052524,0.05167,0.052911,0.062711,0.079682,0.083266,0.066498,0.051802,0.054071,0.055483,0.055757,0.065793,0.083654,0.080567,0.055289,0.064663,0.066917,0.061751,0.061952,0.073623,0.06036,0.073978,0.075492,0.063107,0.05384
1979,0.028656,0.017631,0.023126,0.026843,0.025942,0.016366,-0.0041404,-0.017138,-0.028236,-0.058267,-0.088777,0.037979,0.028303,0.033606,0.042292,0.047974,0.040463,0.016355,-0.0026812,-0.013244,-0.052984,-0.097201,0.046999,0.040879,0.041344,0.050029,0.062574,0.063647,0.037277,0.010032,-0.0043116,-0.049619,-0.10346,0.054205,0.055653,0.052783,0.053155,0.066171,0.078433,0.057192,0.024986,0.0043935,-0.042895,-0.10284,-0.10664,0.058323,0.0674,0.069955,0.060989,0.066012,0.082342,0.071277,0.039055,0.01421,-0.032283,-0.092649,-0.10712,0.064006,0.072585,0.082549,0.074467,0.070821,0.08066,0.074829,0.049409,0.024273,-0.019581,-0.073947,-0.09853,-0.11576,0.069815,0.075841,0.086217,0.086057,0.080264,0.080256,0.073498,0.055571,0.03241,-0.0070674,-0.05172,-0.081277,-0.1097,0.07221,0.077027,0.084579,0.092971,0.091316,0.084085,0.074401,0.060457,0.03846,0.0034941,-0.030648,-0.061556,-0.10053,0.071022,0.076829,0.081472,0.093647,0.10036,0.091401,0.078295,0.065715,0.042721,0.011154,-0.01282,-0.041869,-0.088692,0.067692,0.077029,0.080832,0.090794,0.1032,0.097874,0.082235,0.070088,0.046385,0.014988,-0.00040739,-0.024689,-0.078853,0.063698,0.074869,0.081047,0.087575,0.099916,0.099338,0.085485,0.071862,0.048309,0.017169,0.00065486,-0.0096374,-0.054528,0.062393,0.070274,0.077075,0.084824,0.094404,0.094361,0.086223,0.071816,0.048114,0.019183,-0.00047159,-0.0070494,-0.033522,0.062498,0.067617,0.072385,0.080672,0.086255,0.084299,0.080842,0.07123,0.048006,0.021015,-0.0029091,-0.0069788,-0.014684,0.062059,0.063766,0.069163,0.073592,0.075353,0.074463,0.073583,0.069256,0.049647,0.0219,-0.0049894,0.0050839,0.062068,0.061282,0.065889,0.068396,0.067948,0.068833,0.068785,0.065155,0.0505,0.023826,0.0066319,0.014206,0.058799,0.062355,0.063382,0.06411,0.064546,0.067944,0.065348,0.057864,0.047055,0.024819,0.051923,0.061339,0.064407,0.060818,0.059496,0.063853,0.059014,0.048445,0.038251,0.021375,0.047098,0.059961,0.067825,0.063921,0.059517,0.058961,0.051891,0.040102,0.027061,0.04437,0.057214,0.068552,0.06991,0.065487,0.060767,0.051231,0.038333,0.017717,0.044974,0.053439,0.062555,0.070168,0.071778,0.067518,0.058306,0.044296,0.013896,0.045281,0.050648,0.054958,0.0637,0.072867,0.073284,0.067399,0.05309,0.018161,-0.01887,-0.03212,0.039802,0.04557,0.049332,0.057048,0.06826,0.073604,0.072625,0.060369,0.030182,-0.0035998,0.031444,0.037503,0.043961,0.051677,0.061517,0.06971,0.073065,0.065258,0.045533,0.021611,-0.0079843,0.025681,0.030676,0.038156,0.044994,0.05254,0.062901,0.069343,0.064395,0.056709,0.043692,0.011294,0.02132,0.02509,0.033205,0.038725,0.043708,0.054858,0.060757,0.056451,0.05847,0.056572,0.022892,0.020172,0.01976,0.027613,0.034299,0.038065,0.048629,0.050798,0.044979,0.053189,0.056883,0.024617,0.017004,0.015165,0.02219,0.030354,0.033953,0.042211,0.041853,0.036945,0.047908,0.047777,0.0052164,0.0069253,0.015526,0.025939,0.028452,0.03337,0.033515,0.035203,0.047723,0.037785,-0.0086428,-0.0033476,0.0063071,0.016834,0.019091,0.023437,0.028721,0.041389,0.054614,0.035212,-0.017384,-0.012493,-0.0048948,0.0031681,0.0068536,0.015377,0.033704,0.054878,0.064128,-0.022805,-0.018745,-0.013921,-0.0080918,-0.0015014,0.017899,0.048672,0.067413,-0.027284,-0.024079,-0.018443,-0.011421,0.0033541,0.033218,0.064518,0.069062,-0.030375,-0.021911,-0.013389,-0.002091,0.016732,0.049836,0.071061,-0.028697,-0.0059373,0.0096146,0.016049,0.025515,0.052554,-0.01048,0.017826,0.036955,0.034132,0.028883
1980,0.0072585,0.0025365,0.015576,0.026055,0.021492,0.013741,-0.0042562,-0.020949,-0.027696,-0.039687,-0.064879,0.0098539,0.007209,0.017969,0.028909,0.029633,0.021071,-0.0044141,-0.021077,-0.023295,-0.041256,-0.077736,0.013425,0.014258,0.022917,0.026891,0.031313,0.027599,-0.00047636,-0.021428,-0.022857,-0.044596,-0.08871,0.018757,0.021692,0.03035,0.025285,0.028373,0.032677,0.0070355,-0.017452,-0.022535,-0.047966,-0.096281,-0.10885,0.022266,0.025988,0.036782,0.028658,0.024923,0.033354,0.015445,-0.010171,-0.020034,-0.049751,-0.09939,-0.12641,0.023832,0.026979,0.038043,0.034459,0.025436,0.028584,0.017364,-0.0046001,-0.018693,-0.05015,-0.097837,-0.14124,-0.15064,0.025583,0.025545,0.033166,0.034522,0.028014,0.023146,0.013137,-0.0035864,-0.020285,-0.050627,-0.092455,-0.1371,-0.16157,0.024924,0.021631,0.022553,0.027444,0.028228,0.021147,0.0096664,-0.0046851,-0.023918,-0.050614,-0.082317,-0.12567,-0.166,0.02196,0.01703,0.010825,0.017254,0.024962,0.021534,0.0096272,-0.0050704,-0.026772,-0.050175,-0.074168,-0.11017,-0.1614,0.018181,0.013239,0.0022986,0.0073907,0.01937,0.021461,0.011036,-0.005297,-0.030424,-0.051474,-0.069235,-0.093884,-0.14663,0.013688,0.0098835,-0.00023544,0.0028242,0.015086,0.019664,0.012215,-0.0057522,-0.03429,-0.054285,-0.064622,-0.078504,-0.12632,0.0108,0.010336,0.0039055,0.005019,0.013618,0.017119,0.012966,-0.0048997,-0.035581,-0.059135,-0.057209,-0.06265,-0.095075,0.014158,0.013892,0.0093776,0.0085548,0.01265,0.012474,0.010189,-0.0037894,-0.033078,-0.056849,-0.050533,-0.042089,-0.06077,0.021366,0.015099,0.01311,0.011884,0.010468,0.0060244,0.0027384,-0.004764,-0.028543,-0.052333,-0.039185,-0.032568,0.029704,0.020598,0.019047,0.015138,0.0083065,0.001821,-0.0044169,-0.0093047,-0.025238,-0.043171,-0.024661,-0.010445,0.035734,0.03057,0.0259,0.018208,0.0085338,0.0017495,-0.007137,-0.015093,-0.024767,-0.028392,0.038382,0.039261,0.033922,0.021812,0.011458,0.0044272,-0.0053463,-0.016304,-0.023665,-0.029361,0.039139,0.042764,0.042514,0.029224,0.015686,0.0087907,6.70E-05,-0.010115,-0.018911,0.042014,0.043952,0.048862,0.040642,0.024165,0.016271,0.010917,0.0040197,-0.011305,0.046804,0.047207,0.050846,0.050514,0.038239,0.029038,0.0274,0.023513,0.00036933,0.050792,0.05146,0.051439,0.055694,0.05169,0.04393,0.045657,0.043489,0.019336,-0.011418,-0.013907,0.051992,0.055129,0.0534,0.05756,0.059102,0.055151,0.058827,0.058137,0.042359,0.019662,0.048558,0.055819,0.055549,0.058448,0.0608,0.062038,0.065942,0.065816,0.061445,0.053502,0.039974,0.042522,0.052397,0.056737,0.058586,0.058888,0.065232,0.069843,0.067748,0.071202,0.076784,0.06504,0.039467,0.048714,0.055825,0.059185,0.058498,0.067023,0.071825,0.065525,0.071665,0.084256,0.073318,0.04059,0.047208,0.055214,0.060989,0.061255,0.069255,0.071252,0.062203,0.067058,0.076019,0.06327,0.04212,0.047136,0.056224,0.06232,0.063481,0.068231,0.068821,0.061805,0.063428,0.06217,0.044326,0.046014,0.056285,0.062805,0.061367,0.061864,0.064976,0.066285,0.067002,0.053212,0.045642,0.047144,0.056984,0.062202,0.056019,0.055129,0.063694,0.077323,0.078259,0.05354,0.046064,0.049188,0.054572,0.057591,0.052985,0.056861,0.071734,0.090963,0.090049,0.044173,0.045515,0.046301,0.049955,0.054529,0.070565,0.087659,0.09812,0.036414,0.037757,0.039415,0.044562,0.060723,0.08842,0.10028,0.093114,0.028062,0.036342,0.043886,0.04837,0.064954,0.092281,0.096349,0.025291,0.044969,0.059652,0.057758,0.061213,0.079677,0.032506,0.056782,0.072103,0.06217,0.052789
1981,-0.018536,-0.027138,-0.027655,-0.027228,-0.031856,-0.034794,-0.051504,-0.069789,-0.075688,-0.095935,-0.12558,-0.016636,-0.026379,-0.027976,-0.030642,-0.034648,-0.038167,-0.056575,-0.06937,-0.072269,-0.10163,-0.14109,-0.014741,-0.025796,-0.027441,-0.035015,-0.038308,-0.040634,-0.059676,-0.072392,-0.074531,-0.11173,-0.15688,-0.012058,-0.023164,-0.025483,-0.039226,-0.041653,-0.041887,-0.058514,-0.07254,-0.077089,-0.12207,-0.17002,-0.15835,-0.0083084,-0.02091,-0.021354,-0.038947,-0.044301,-0.042333,-0.056638,-0.070873,-0.078579,-0.12662,-0.17554,-0.17079,-0.0029135,-0.018695,-0.01475,-0.030459,-0.042823,-0.043024,-0.055995,-0.070359,-0.081221,-0.12506,-0.16912,-0.17493,-0.17664,0.0077904,-0.011527,-0.0063203,-0.016215,-0.03361,-0.041987,-0.054738,-0.068976,-0.085083,-0.12264,-0.15768,-0.16241,-0.17641,0.024691,0.0029226,0.0015673,-0.0041951,-0.019771,-0.036388,-0.052431,-0.066445,-0.087963,-0.12156,-0.14663,-0.14908,-0.17273,0.041209,0.022882,0.010398,0.0041331,-0.0059189,-0.025045,-0.047125,-0.063745,-0.090599,-0.12098,-0.1369,-0.13729,-0.16534,0.051513,0.040765,0.023354,0.014575,0.0068626,-0.010453,-0.035448,-0.058732,-0.089708,-0.11927,-0.12634,-0.12576,-0.15466,0.056433,0.050703,0.036085,0.025498,0.016152,0.0014928,-0.020736,-0.048004,-0.081448,-0.11267,-0.12192,-0.11552,-0.13997,0.059634,0.054698,0.045008,0.035105,0.023564,0.0098795,-0.0067392,-0.032535,-0.068005,-0.10145,-0.11288,-0.10429,-0.11879,0.062512,0.056219,0.050394,0.044622,0.032594,0.017553,0.0060301,-0.014632,-0.051179,-0.087417,-0.1027,-0.088554,-0.094113,0.066271,0.057991,0.054948,0.052566,0.041392,0.024339,0.015473,0.00061966,-0.03262,-0.069254,-0.086311,-0.068372,0.070036,0.061494,0.058683,0.054905,0.045902,0.03154,0.022121,0.0084424,-0.018021,-0.050131,-0.055027,-0.04084,0.071397,0.065461,0.060383,0.053481,0.047044,0.03937,0.02839,0.011527,-0.0094991,-0.032615,0.070948,0.070494,0.064876,0.055664,0.050431,0.047498,0.034433,0.01481,-0.0043542,-0.019557,0.071389,0.075082,0.07133,0.062501,0.057258,0.056083,0.042464,0.020491,-0.00039631,0.073887,0.077327,0.075843,0.070432,0.067866,0.065847,0.052436,0.027021,0.00044386,0.077812,0.077344,0.078071,0.07719,0.076446,0.074514,0.062345,0.034934,0.0029298,0.081855,0.076789,0.075454,0.076464,0.075431,0.074965,0.068775,0.045933,0.014644,-0.0092443,-0.0099678,0.087802,0.081598,0.074072,0.072794,0.068209,0.069783,0.072431,0.060611,0.037066,0.01874,0.095017,0.089411,0.080282,0.073368,0.065478,0.068586,0.077889,0.075148,0.062097,0.053113,0.041875,0.1021,0.096506,0.089431,0.077764,0.067779,0.072753,0.086088,0.085337,0.080382,0.080479,0.067724,0.10879,0.10432,0.097553,0.083711,0.070263,0.077147,0.091249,0.091023,0.090601,0.09506,0.079196,0.11269,0.10758,0.10242,0.090302,0.076336,0.081194,0.091378,0.092192,0.093612,0.093174,0.073758,0.11086,0.10598,0.10547,0.099066,0.085779,0.083092,0.086921,0.090662,0.091865,0.081196,0.10673,0.10797,0.11236,0.10839,0.091708,0.080492,0.083989,0.093548,0.092755,0.069822,0.10458,0.11307,0.11944,0.11412,0.093901,0.081982,0.090521,0.10512,0.10053,0.065798,0.10059,0.11317,0.11773,0.11112,0.096577,0.095541,0.11032,0.12206,0.10987,0.087476,0.099423,0.10414,0.10094,0.10022,0.11803,0.13417,0.13092,0.067377,0.077294,0.088187,0.092678,0.10745,0.13857,0.14421,0.11902,0.051432,0.065163,0.082653,0.094164,0.11097,0.13793,0.12822,0.041172,0.064819,0.085271,0.092216,0.097206,0.11093,0.038923,0.064551,0.081721,0.078388,0.072111
1982,0.06801,0.050933,0.043852,0.041864,0.030867,0.030667,0.032268,0.022192,0.013805,-0.0082243,-0.044139,0.072294,0.063947,0.055219,0.051125,0.04339,0.03712,0.033084,0.024433,0.021166,-0.0027353,-0.048445,0.071105,0.072885,0.066681,0.056404,0.051417,0.045918,0.034424,0.020895,0.018476,-0.0036889,-0.051441,0.069873,0.080532,0.079449,0.061517,0.053102,0.049508,0.034007,0.016978,0.014151,-0.0064643,-0.052236,-0.066472,0.065968,0.081269,0.089468,0.069486,0.053006,0.047515,0.03219,0.014795,0.012884,-0.0067752,-0.048918,-0.071536,0.059265,0.073029,0.089442,0.078074,0.056067,0.045917,0.031979,0.01774,0.015,-0.0040937,-0.040946,-0.069993,-0.081294,0.05612,0.062604,0.077741,0.080692,0.064887,0.048451,0.033744,0.02362,0.018355,-0.0014062,-0.032056,-0.0648,-0.088194,0.052503,0.054609,0.061693,0.075521,0.075986,0.057078,0.037621,0.027771,0.018584,-0.0024906,-0.028069,-0.059054,-0.085932,0.046664,0.05071,0.050244,0.065273,0.080089,0.066887,0.04314,0.028461,0.012691,-0.0093845,-0.029713,-0.055855,-0.084411,0.041498,0.048283,0.04491,0.054053,0.073129,0.069929,0.048061,0.025643,0.0021513,-0.020646,-0.033251,-0.046567,-0.076681,0.038583,0.044593,0.041622,0.04416,0.058995,0.062725,0.048077,0.022652,-0.0088917,-0.031747,-0.037284,-0.04026,-0.066167,0.037758,0.039471,0.036714,0.036539,0.042566,0.046017,0.039562,0.018454,-0.017277,-0.039784,-0.04109,-0.035875,-0.053856,0.035677,0.034416,0.034079,0.032678,0.028684,0.026425,0.023811,0.0098452,-0.024367,-0.045534,-0.041184,-0.036288,-0.0431,0.037669,0.031758,0.033133,0.031257,0.02011,0.010336,0.005658,-0.0052128,-0.03216,-0.046564,-0.038731,-0.030361,0.040828,0.03334,0.031947,0.028303,0.01552,0.00037613,-0.010198,-0.022894,-0.039944,-0.042494,-0.029625,-0.016662,0.039428,0.037048,0.034026,0.025051,0.011918,-0.0055191,-0.022126,-0.036884,-0.0453,-0.03677,0.030492,0.034068,0.033896,0.024438,0.008583,-0.010094,-0.030476,-0.047458,-0.051547,-0.037825,0.016811,0.023127,0.026462,0.020699,0.0067562,-0.011537,-0.034766,-0.054905,-0.061592,0.0097853,0.013882,0.018575,0.015957,0.0053756,-0.0095346,-0.033622,-0.057813,-0.072021,0.013407,0.010799,0.01315,0.014051,0.0066569,-0.0057819,-0.029389,-0.053984,-0.075563,0.019212,0.011805,0.0097833,0.012666,0.011201,-0.00014148,-0.019938,-0.042563,-0.065504,-0.084076,-0.073293,0.021301,0.014083,0.0099505,0.011155,0.013314,0.0073789,-0.0083312,-0.026746,-0.042753,-0.055961,0.022739,0.016842,0.01258,0.011408,0.010456,0.011441,0.0007732,-0.010427,-0.014153,-0.014934,-0.030067,0.025875,0.021998,0.016976,0.01094,0.0068412,0.011659,0.0083078,0.0040563,0.011772,0.020618,-0.0012348,0.027583,0.025663,0.021151,0.0092226,0.0046674,0.01185,0.015295,0.015529,0.029281,0.040526,0.016322,0.025697,0.022766,0.021401,0.010252,0.0058243,0.014638,0.020445,0.023695,0.03682,0.041926,0.018215,0.020595,0.016524,0.018868,0.015322,0.011107,0.019764,0.025552,0.030472,0.038367,0.031451,0.014721,0.010119,0.016136,0.019582,0.016355,0.023194,0.030979,0.037395,0.038721,0.019356,0.011776,0.0068872,0.014696,0.021545,0.018976,0.024076,0.036131,0.045576,0.042277,0.014448,0.011508,0.0074729,0.014189,0.02294,0.021518,0.028806,0.046128,0.056838,0.050035,0.009349,0.0078353,0.011731,0.021154,0.025579,0.042,0.061755,0.06668,0.0078399,0.0085527,0.013294,0.021437,0.033406,0.058089,0.073718,0.06586,0.013899,0.018689,0.029657,0.037397,0.047753,0.070233,0.075318,0.025469,0.041709,0.057008,0.059927,0.061514,0.074934,0.042711,0.068724,0.080517,0.071812,0.06461
1983,-0.019647,-0.02014,-0.011278,-0.012893,-0.023954,-0.03532,-0.052437,-0.068798,-0.077476,-0.096574,-0.10831,-0.019806,-0.020144,-0.013794,-0.013209,-0.017741,-0.027569,-0.052205,-0.066143,-0.072056,-0.1036,-0.13387,-0.020235,-0.019082,-0.014602,-0.015857,-0.015137,-0.022707,-0.051274,-0.069776,-0.074936,-0.1138,-0.15671,-0.020944,-0.018203,-0.011634,-0.015898,-0.014054,-0.020773,-0.048894,-0.074347,-0.08158,-0.12395,-0.17233,-0.14478,-0.021155,-0.018583,-0.0080281,-0.011079,-0.01322,-0.019847,-0.044891,-0.073994,-0.084985,-0.12557,-0.17554,-0.16788,-0.018466,-0.019269,-0.0070032,-0.0045614,-0.010025,-0.018833,-0.039905,-0.066621,-0.082072,-0.11859,-0.16541,-0.17458,-0.17628,-0.013276,-0.018641,-0.0076686,-0.0013115,-0.0049511,-0.017088,-0.03667,-0.058028,-0.075314,-0.10853,-0.14752,-0.16916,-0.1853,-0.0090758,-0.01578,-0.0092323,-0.0021271,-0.0027353,-0.013899,-0.033596,-0.053433,-0.071777,-0.10002,-0.1327,-0.15645,-0.18829,-0.0069832,-0.013955,-0.012691,-0.0070299,-0.0046547,-0.011548,-0.029003,-0.05124,-0.073271,-0.096309,-0.11895,-0.14468,-0.19004,-0.0077594,-0.014996,-0.018001,-0.015759,-0.011272,-0.012048,-0.025407,-0.048549,-0.07411,-0.094013,-0.1102,-0.128,-0.17888,-0.010725,-0.016852,-0.023139,-0.022734,-0.017663,-0.015224,-0.024128,-0.044838,-0.071266,-0.091803,-0.10499,-0.1154,-0.15933,-0.014725,-0.020282,-0.026224,-0.024026,-0.01919,-0.018227,-0.023686,-0.038551,-0.06576,-0.091777,-0.10194,-0.10748,-0.13661,-0.017489,-0.025933,-0.026072,-0.021868,-0.017979,-0.019433,-0.021884,-0.031653,-0.057889,-0.086267,-0.10118,-0.09722,-0.11185,-0.016347,-0.029245,-0.025792,-0.019393,-0.017496,-0.019057,-0.019022,-0.026314,-0.048322,-0.075595,-0.093365,-0.093254,-0.010939,-0.026541,-0.027595,-0.021214,-0.017949,-0.017298,-0.016555,-0.02399,-0.039842,-0.057017,-0.06084,-0.068019,-8.90E-05,-0.016331,-0.02602,-0.025412,-0.019689,-0.014201,-0.015617,-0.025331,-0.035791,-0.043362,0.014032,-0.00064201,-0.014319,-0.022824,-0.021309,-0.012788,-0.014708,-0.027064,-0.036117,-0.036477,0.027345,0.013129,0.00026356,-0.013001,-0.018158,-0.010245,-0.010093,-0.023969,-0.036362,0.040026,0.028532,0.017559,0.0042763,-0.0058269,-0.00086198,0.00038909,-0.015047,-0.034028,0.052184,0.041043,0.032304,0.024639,0.013575,0.012823,0.012517,-0.00063195,-0.026553,0.068138,0.052511,0.041937,0.039945,0.031671,0.025174,0.024797,0.016447,-0.011264,-0.036399,-0.03757,0.087204,0.069762,0.055963,0.052271,0.046417,0.037956,0.03859,0.032411,0.0098809,-0.010234,0.10348,0.089987,0.076134,0.068929,0.061501,0.053662,0.052788,0.04581,0.031638,0.024679,0.013303,0.1157,0.10808,0.097418,0.088019,0.07774,0.071138,0.06775,0.057467,0.051265,0.055756,0.039438,0.12075,0.11855,0.11191,0.10388,0.094335,0.090309,0.08318,0.06833,0.066953,0.076086,0.054223,0.11854,0.11578,0.11433,0.11284,0.1092,0.10791,0.097751,0.078861,0.076071,0.079908,0.054438,0.11066,0.10831,0.11064,0.11603,0.11652,0.11492,0.10784,0.090656,0.080815,0.072384,0.10333,0.10471,0.10948,0.11539,0.11266,0.10775,0.10919,0.10383,0.086967,0.06462,0.098595,0.103,0.10684,0.10612,0.097867,0.094055,0.10711,0.11505,0.095067,0.061905,0.092269,0.095159,0.093093,0.088943,0.082086,0.086808,0.10828,0.12002,0.099668,0.081032,0.078446,0.073005,0.072551,0.075996,0.091673,0.11116,0.11294,0.074842,0.069098,0.06458,0.067639,0.081508,0.10249,0.10896,0.093752,0.080478,0.080116,0.080328,0.082597,0.091737,0.10683,0.099452,0.098123,0.10893,0.11302,0.1052,0.096332,0.099697,0.11147,0.12776,0.12872,0.1085,0.088072
1984,0.020928,0.012591,0.012377,-0.0012457,-0.017368,-0.034139,-0.056522,-0.074571,-0.080724,-0.093522,-0.10507,0.020108,0.013323,0.012928,0.0027608,-0.0084565,-0.02701,-0.055921,-0.070268,-0.077404,-0.10079,-0.1246,0.019721,0.016247,0.014472,0.0017143,-0.0040883,-0.018111,-0.054231,-0.076328,-0.080702,-0.11118,-0.14627,0.018659,0.019994,0.021443,0.0038722,-0.0040371,-0.011467,-0.050906,-0.082818,-0.086211,-0.12225,-0.16651,-0.1392,0.01933,0.023964,0.029546,0.012458,-0.001406,-0.007271,-0.043064,-0.078484,-0.087964,-0.1292,-0.17939,-0.1662,0.024351,0.028548,0.034939,0.023372,0.0060183,-0.0035679,-0.032503,-0.064701,-0.085172,-0.13001,-0.17894,-0.18488,-0.167,0.033607,0.03024,0.036793,0.031462,0.01665,0.000651,-0.02433,-0.051503,-0.078735,-0.12472,-0.17004,-0.18217,-0.17371,0.047526,0.031474,0.033767,0.035829,0.025983,0.0070568,-0.019456,-0.043406,-0.073193,-0.11664,-0.1525,-0.16336,-0.17586,0.057478,0.039679,0.030695,0.038252,0.033589,0.016516,-0.012826,-0.038888,-0.071333,-0.10881,-0.13143,-0.13904,-0.16827,0.059623,0.050093,0.032791,0.037617,0.038718,0.02588,-0.0019452,-0.034137,-0.071763,-0.11105,-0.11356,-0.11748,-0.15794,0.058691,0.055676,0.04056,0.036417,0.039628,0.030713,0.0084977,-0.026765,-0.068337,-0.10715,-0.10187,-0.10203,-0.13467,0.059144,0.05668,0.048171,0.039658,0.037572,0.031242,0.013652,-0.01926,-0.059535,-0.096726,-0.097405,-0.093431,-0.11165,0.059785,0.056696,0.050818,0.043614,0.035463,0.028695,0.015213,-0.013598,-0.048248,-0.083618,-0.088206,-0.086514,-0.096031,0.060473,0.057156,0.051045,0.04434,0.034506,0.024435,0.013416,-0.0096758,-0.038522,-0.071111,-0.082563,-0.082663,0.058738,0.0559,0.051665,0.043389,0.033361,0.020641,0.010954,-0.0068017,-0.028943,-0.058235,-0.055961,-0.05434,0.05379,0.053535,0.051324,0.041545,0.030121,0.019492,0.01233,-0.0012996,-0.018943,-0.037834,0.05011,0.049931,0.04905,0.037679,0.02649,0.021417,0.017166,0.0084413,-0.0078598,-0.03448,0.054377,0.048622,0.047543,0.036636,0.02593,0.026114,0.024557,0.019551,0.0017196,0.065335,0.057613,0.054076,0.044953,0.033491,0.033233,0.034218,0.029544,0.0060454,0.078585,0.070779,0.065103,0.059663,0.049689,0.04475,0.046499,0.039156,0.0095248,0.091185,0.083754,0.07637,0.071978,0.065086,0.058083,0.058982,0.04886,0.01889,-0.0075585,-0.012139,0.096579,0.091472,0.088194,0.085254,0.075932,0.06803,0.067579,0.057078,0.03485,0.015336,0.095983,0.091127,0.09335,0.096379,0.086017,0.076145,0.073233,0.06397,0.052743,0.042693,0.032206,0.092155,0.090207,0.09519,0.099719,0.091951,0.083623,0.078354,0.069846,0.066364,0.06411,0.052215,0.090229,0.092023,0.09665,0.09834,0.093753,0.090431,0.084344,0.075017,0.072921,0.075902,0.059947,0.089926,0.090154,0.094335,0.096363,0.095318,0.09582,0.090591,0.079432,0.076131,0.077455,0.055896,0.085041,0.0841,0.08972,0.094269,0.095203,0.095853,0.092986,0.083639,0.079634,0.071815,0.077912,0.078852,0.087215,0.09183,0.089271,0.087756,0.09019,0.089399,0.084035,0.065082,0.06866,0.072644,0.082096,0.085323,0.078765,0.075699,0.08525,0.096024,0.089602,0.062367,0.060214,0.063341,0.07047,0.074972,0.069612,0.070917,0.087294,0.10179,0.092846,0.049721,0.049452,0.054137,0.0621,0.066253,0.078839,0.096467,0.10099,0.037593,0.037717,0.042282,0.055108,0.071152,0.091945,0.10162,0.089224,0.030571,0.038661,0.047939,0.061596,0.079917,0.098967,0.096767,0.031811,0.053284,0.067739,0.073929,0.08146,0.094255,0.04273,0.070836,0.083936,0.078012,0.071158
1985,0.0039189,-0.0069697,-0.0023934,0.0014735,0.0051237,0.0055053,-0.0038316,-0.022978,-0.044301,-0.078191,-0.1076,0.010654,-0.0017573,-0.0044126,-0.0020168,0.0090612,0.011957,-0.0022982,-0.013741,-0.021475,-0.063542,-0.11545,0.016211,0.010292,0.003499,-0.0023819,0.010011,0.020199,0.0036597,-0.0077921,-0.008562,-0.051917,-0.1207,0.026544,0.026816,0.019525,0.0029787,0.0091924,0.02609,0.013058,-0.0016133,-0.0038992,-0.04477,-0.12178,-0.13678,0.037312,0.043707,0.038962,0.016487,0.0089419,0.025344,0.018557,0.0032382,-0.0036966,-0.042679,-0.11905,-0.15034,0.044895,0.053608,0.055162,0.034585,0.014102,0.021046,0.019535,0.0076023,-0.0046329,-0.043909,-0.11146,-0.15335,-0.16658,0.05376,0.059316,0.063222,0.048577,0.023956,0.016301,0.015282,0.0086524,-0.0052471,-0.044427,-0.099106,-0.14396,-0.17135,0.060998,0.065655,0.068498,0.058654,0.036523,0.015153,0.0072083,0.0046265,-0.005409,-0.039669,-0.082614,-0.12448,-0.16874,0.062689,0.071509,0.073232,0.067578,0.051622,0.022299,0.0031667,-6.26E-05,-0.0057941,-0.029366,-0.060996,-0.099539,-0.15202,0.060206,0.074539,0.077367,0.072987,0.064685,0.038094,0.010313,0.0008046,-0.0055219,-0.01922,-0.040999,-0.070639,-0.12705,0.057916,0.074835,0.081587,0.07755,0.072547,0.052329,0.024414,0.0079213,-0.002372,-0.012633,-0.028621,-0.050069,-0.095887,0.059131,0.0739,0.083644,0.082425,0.076685,0.05966,0.036692,0.017699,0.0037973,-0.0075285,-0.01709,-0.036235,-0.069245,0.06275,0.071625,0.083633,0.087137,0.080657,0.065903,0.048012,0.029106,0.0122,-0.0025493,-0.013362,-0.025277,-0.044677,0.068303,0.071487,0.082618,0.089814,0.08497,0.075109,0.060533,0.040035,0.019313,0.0024553,-0.01107,-0.022301,0.070934,0.074146,0.080967,0.088653,0.087972,0.084411,0.07122,0.046037,0.019944,0.0042344,-0.00061661,-0.0069827,0.065184,0.074155,0.079307,0.084222,0.086928,0.088637,0.076855,0.045899,0.015826,0.0036369,0.055625,0.067883,0.075714,0.079733,0.084645,0.088259,0.077063,0.043455,0.01184,0.0034092,0.05067,0.058004,0.06879,0.076122,0.083678,0.08579,0.075558,0.04417,0.010063,0.054862,0.055008,0.061902,0.072966,0.083845,0.083493,0.074442,0.048548,0.01105,0.063976,0.061572,0.061099,0.072459,0.08551,0.083785,0.074656,0.054102,0.014532,0.071808,0.070049,0.06546,0.073529,0.085391,0.084688,0.075498,0.057269,0.020383,-0.011972,-0.015428,0.074865,0.074054,0.068414,0.072517,0.079426,0.08007,0.074089,0.058024,0.028876,0.0023144,0.068409,0.073217,0.068746,0.069406,0.070962,0.072436,0.071525,0.058855,0.039358,0.024844,0.017462,0.05719,0.066287,0.068237,0.064709,0.063633,0.067822,0.07075,0.060335,0.049616,0.048851,0.039227,0.047336,0.054442,0.061815,0.05776,0.055975,0.065559,0.071375,0.061792,0.059025,0.067957,0.053547,0.039435,0.040997,0.048425,0.049125,0.048854,0.062351,0.070769,0.063132,0.065426,0.07398,0.054889,0.029799,0.027148,0.033948,0.041187,0.045109,0.058392,0.06735,0.064186,0.068302,0.068384,0.015277,0.014272,0.023102,0.035947,0.041946,0.051087,0.061202,0.066607,0.069582,0.058826,0.0016417,0.0082553,0.021934,0.035862,0.038717,0.043262,0.056114,0.071988,0.073501,0.054997,-0.0074713,0.0064178,0.02344,0.035421,0.036214,0.041818,0.06124,0.082139,0.081592,-0.016306,-0.001882,0.013498,0.025015,0.03315,0.050588,0.076259,0.090391,-0.024784,-0.013853,-0.003781,0.010071,0.033927,0.065815,0.087229,0.086366,-0.032004,-0.01845,-0.0097742,0.0069934,0.037685,0.07285,0.086211,-0.029944,-0.0069606,0.0075313,0.019527,0.040317,0.067712,-0.0072592,0.020036,0.037321,0.037623,0.041023
1986,-0.026124,-0.021256,-0.00074949,0.010715,0.0093953,-0.0016249,-0.026662,-0.047078,-0.060513,-0.088176,-0.10519,-0.023067,-0.021378,-0.0012739,0.015992,0.020478,0.0072313,-0.024888,-0.043636,-0.05187,-0.091675,-0.12204,-0.016729,-0.01683,-0.0012571,0.01629,0.023513,0.014244,-0.019977,-0.041425,-0.048771,-0.09515,-0.13712,-0.010496,-0.010248,0.00098005,0.013119,0.019621,0.017127,-0.0091189,-0.033516,-0.044738,-0.093658,-0.14636,-0.13049,-0.006103,-0.0052836,0.0038128,0.0084711,0.012475,0.017435,0.0038065,-0.017944,-0.034738,-0.084849,-0.14538,-0.14611,-0.0027916,-0.0043674,0.0024378,0.0036159,0.0073756,0.016165,0.011287,-0.0038415,-0.023221,-0.072045,-0.13239,-0.1493,-0.15767,0.00028556,-0.0060525,-0.0018652,0.002096,0.0076613,0.014413,0.010184,-0.00028938,-0.016782,-0.057536,-0.10932,-0.14125,-0.16467,0.0027502,-0.0049021,-0.0041725,0.0047201,0.013361,0.015433,0.0062021,-0.0028154,-0.015939,-0.04586,-0.083105,-0.12094,-0.15941,0.0034414,8.94E-05,-0.0023954,0.0082531,0.020433,0.01905,0.0055214,-0.0057794,-0.019723,-0.040332,-0.064742,-0.097248,-0.14923,0.00035017,0.0041847,0.0014826,0.0074774,0.020902,0.021672,0.0078447,-0.0077884,-0.025617,-0.039608,-0.054571,-0.074583,-0.12985,-0.0036972,0.0043064,0.0032946,0.0045763,0.017438,0.022125,0.010021,-0.0090233,-0.031909,-0.045402,-0.048344,-0.060545,-0.10834,-0.0031646,0.0020507,0.0023909,0.0022871,0.012149,0.016668,0.0073964,-0.010792,-0.036516,-0.055931,-0.053146,-0.053753,-0.079926,0.0019914,0.00010187,0.00083041,0.00063682,0.0063012,0.0079755,0.0017369,-0.011305,-0.036182,-0.061602,-0.058178,-0.050712,-0.059236,0.0079426,0.00062696,0.00042479,-0.0011609,0.0010501,0.00064756,-0.0053356,-0.013908,-0.032016,-0.055818,-0.056921,-0.041572,0.010668,0.0010862,-0.0012014,-0.0049142,-0.0051294,-0.003875,-0.010613,-0.018964,-0.026559,-0.034674,-0.032731,-0.018352,0.012443,0.0019801,-0.0030768,-0.0087329,-0.010879,-0.0063318,-0.011755,-0.020301,-0.020498,-0.019327,0.017499,0.0080449,0.0010042,-0.0064622,-0.010901,-0.0076281,-0.0095445,-0.014688,-0.012867,-0.008562,0.028982,0.024071,0.016523,0.0048628,-0.0026426,-0.0037303,-0.0019387,-0.00096117,-0.0045789,0.047724,0.040862,0.030401,0.017256,0.0077208,0.00654,0.014147,0.017713,0.0017489,0.064678,0.054304,0.045288,0.036707,0.026033,0.025201,0.034661,0.034023,0.0071605,0.079811,0.068804,0.059086,0.058702,0.051525,0.044435,0.048737,0.042542,0.01419,-0.011359,-0.012202,0.087241,0.082612,0.073057,0.074161,0.069041,0.056369,0.054329,0.044611,0.023412,0.0043161,0.091067,0.093045,0.089962,0.087635,0.081938,0.07095,0.060469,0.047319,0.037535,0.031346,0.023237,0.10292,0.10551,0.10087,0.092805,0.088967,0.086304,0.071652,0.055104,0.056495,0.063366,0.049633,0.11812,0.11823,0.10822,0.094553,0.091059,0.094513,0.081065,0.065099,0.073826,0.087682,0.066995,0.12751,0.12314,0.11601,0.1034,0.097672,0.10062,0.087917,0.074989,0.085023,0.09453,0.068737,0.12014,0.11738,0.11855,0.11211,0.10561,0.10529,0.094726,0.084515,0.089961,0.086002,0.10131,0.10568,0.11504,0.11358,0.10409,0.10087,0.096255,0.092925,0.09103,0.072567,0.08599,0.093778,0.10441,0.10438,0.095024,0.091127,0.094803,0.099838,0.090807,0.063047,0.074825,0.079349,0.085059,0.087151,0.082966,0.084545,0.096521,0.10433,0.090401,0.063486,0.059888,0.059646,0.064766,0.071338,0.084601,0.10027,0.10196,0.052275,0.045044,0.040282,0.047017,0.064619,0.089066,0.099637,0.086115,0.043509,0.043228,0.040314,0.045473,0.062815,0.08714,0.087511,0.042508,0.053909,0.057317,0.05485,0.059749,0.075194,0.0499,0.063719,0.068944,0.059876,0.052253
1987,0.01507,0.0054945,0.017841,0.019057,9.75E-05,-0.026581,-0.056947,-0.077724,-0.087272,-0.11142,-0.13352,0.021507,0.0096175,0.013803,0.019702,0.011141,-0.0129,-0.054983,-0.081842,-0.097325,-0.13695,-0.16847,0.027988,0.017726,0.016112,0.018918,0.019023,0.0029314,-0.04535,-0.087778,-0.10981,-0.16304,-0.20676,0.035068,0.026736,0.026167,0.02144,0.020653,0.011418,-0.031037,-0.082736,-0.1143,-0.17968,-0.23871,-0.19023,0.041917,0.036721,0.037548,0.026158,0.018125,0.012163,-0.01555,-0.06338,-0.10236,-0.17683,-0.2522,-0.22875,0.048785,0.043977,0.046498,0.036468,0.020971,0.01195,-0.0042504,-0.039336,-0.077934,-0.1544,-0.2408,-0.24467,-0.21234,0.05739,0.049384,0.051576,0.047334,0.029698,0.014993,0.00049644,-0.02188,-0.051133,-0.12161,-0.20757,-0.23745,-0.22797,0.063971,0.057029,0.054314,0.052016,0.041218,0.023168,0.0032948,-0.01105,-0.031285,-0.090622,-0.16404,-0.21429,-0.23613,0.065167,0.06607,0.057625,0.054376,0.05163,0.034785,0.0082004,-0.0031714,-0.022634,-0.070091,-0.12412,-0.17871,-0.22874,0.063004,0.07421,0.064297,0.05921,0.060302,0.045291,0.017089,0.0037611,-0.019467,-0.06039,-0.098517,-0.14198,-0.20142,0.061985,0.079467,0.074262,0.066303,0.06698,0.053621,0.02839,0.012126,-0.013679,-0.052949,-0.081513,-0.11291,-0.16703,0.06608,0.082111,0.084395,0.074721,0.070213,0.059177,0.039175,0.021998,-0.0038046,-0.040842,-0.072358,-0.088852,-0.12915,0.072196,0.083846,0.092533,0.085869,0.074704,0.064927,0.049664,0.03211,0.0058675,-0.025419,-0.056706,-0.069053,-0.093098,0.076434,0.08525,0.096862,0.096053,0.081829,0.072644,0.061704,0.044045,0.017356,-0.0099897,-0.038677,-0.061527,0.072559,0.083199,0.096321,0.1012,0.089422,0.08205,0.073183,0.055834,0.030209,0.0045309,-0.017542,-0.037538,0.059507,0.073532,0.088434,0.09649,0.091263,0.087611,0.081204,0.063156,0.037313,0.014115,0.051464,0.063628,0.077578,0.08537,0.085159,0.084724,0.081775,0.064547,0.037281,0.016516,0.055617,0.065048,0.075431,0.08022,0.07809,0.076712,0.075927,0.06379,0.03334,0.062387,0.071215,0.080403,0.084325,0.078084,0.07258,0.071472,0.064655,0.030739,0.078078,0.082797,0.087376,0.092564,0.087042,0.076287,0.073287,0.067143,0.031673,0.091252,0.096882,0.09812,0.10347,0.098149,0.083091,0.079049,0.071862,0.038897,0.0016482,-0.0056207,0.091918,0.10159,0.10413,0.10963,0.10491,0.08887,0.085199,0.079032,0.053459,0.024305,0.085094,0.096971,0.10208,0.10754,0.10507,0.094735,0.091559,0.086369,0.072511,0.058296,0.03875,0.078796,0.089019,0.096422,0.10123,0.10182,0.101,0.099959,0.094515,0.092044,0.092373,0.067108,0.080621,0.087763,0.092573,0.094529,0.098086,0.10631,0.10868,0.10255,0.10668,0.11412,0.08289,0.08057,0.084586,0.088269,0.089339,0.095578,0.10983,0.11452,0.1069,0.11118,0.11384,0.080357,0.071873,0.074094,0.081412,0.086624,0.094478,0.10794,0.11244,0.10519,0.10563,0.097202,0.061519,0.064802,0.077885,0.088135,0.093184,0.10024,0.10256,0.099302,0.095017,0.076955,0.058599,0.063339,0.078152,0.08771,0.086133,0.087655,0.090977,0.093439,0.08651,0.063229,0.057305,0.062189,0.072323,0.079255,0.076494,0.077821,0.08631,0.092162,0.085015,0.051367,0.055926,0.060371,0.065191,0.069936,0.079237,0.090923,0.092202,0.039297,0.049271,0.053872,0.057088,0.06954,0.0879,0.095281,0.084545,0.023718,0.048608,0.062649,0.065989,0.077744,0.095195,0.092834,0.01881,0.056827,0.081121,0.082652,0.085169,0.095257,0.028298,0.065741,0.089827,0.086959,0.082784
1988,0.011789,0.0096388,0.022094,0.023266,0.010027,-0.0059276,-0.024579,-0.040488,-0.054268,-0.081775,-0.10452,0.014035,0.0068154,0.018897,0.024557,0.013352,-0.00576,-0.027418,-0.036036,-0.042822,-0.077383,-0.11502,0.017737,0.0078442,0.013863,0.018274,0.010802,-0.0059564,-0.031217,-0.036369,-0.035774,-0.074884,-0.12499,0.018976,0.011115,0.010721,0.0069177,0.00038113,-0.0087634,-0.030058,-0.032956,-0.030242,-0.074603,-0.13463,-0.12806,0.019329,0.011847,0.0089583,-0.0041559,-0.015932,-0.016673,-0.026506,-0.023637,-0.022246,-0.071766,-0.14039,-0.15154,0.023283,0.011312,0.0080819,-0.0087308,-0.029478,-0.026654,-0.024914,-0.014786,-0.012917,-0.064482,-0.13913,-0.16433,-0.15359,0.032562,0.015479,0.012121,-0.0028628,-0.029036,-0.034155,-0.026606,-0.011762,-0.0086393,-0.05732,-0.13021,-0.16469,-0.15957,0.04537,0.027853,0.020817,0.010074,-0.014828,-0.034289,-0.03103,-0.017125,-0.015079,-0.055391,-0.11864,-0.15607,-0.16264,0.054742,0.045186,0.030447,0.02112,0.0042197,-0.025949,-0.034529,-0.027298,-0.030366,-0.0591,-0.10783,-0.1437,-0.1606,0.05854,0.06234,0.046378,0.030281,0.018681,-0.011434,-0.032221,-0.036202,-0.046432,-0.065997,-0.094007,-0.12242,-0.15685,0.059398,0.072926,0.064349,0.045128,0.028242,0.0016528,-0.0249,-0.038976,-0.05431,-0.070364,-0.083558,-0.10756,-0.14418,0.059988,0.072746,0.074178,0.062928,0.040366,0.010009,-0.016857,-0.035435,-0.052833,-0.06965,-0.081175,-0.092047,-0.12032,0.062722,0.068324,0.076506,0.076812,0.055087,0.020734,-0.0088406,-0.028374,-0.0463,-0.06612,-0.077082,-0.076942,-0.092119,0.068021,0.0686,0.07814,0.083648,0.065987,0.034948,0.0032771,-0.02089,-0.037425,-0.058347,-0.065954,-0.064231,0.072481,0.074486,0.081809,0.084799,0.072642,0.047734,0.017235,-0.013605,-0.031372,-0.042996,-0.033823,-0.037411,0.072829,0.083018,0.088487,0.08574,0.077608,0.056503,0.028898,-0.0047299,-0.026777,-0.024293,0.069487,0.087518,0.095683,0.089713,0.080294,0.061337,0.037866,0.0063073,-0.018535,-0.014705,0.068811,0.08905,0.10128,0.096337,0.083226,0.064172,0.044134,0.01946,-0.0065554,0.077865,0.095809,0.10788,0.1057,0.091036,0.072301,0.055847,0.03651,0.0080681,0.090739,0.10551,0.11587,0.11725,0.10327,0.086768,0.075118,0.056434,0.023423,0.099389,0.10906,0.11849,0.1263,0.11495,0.098985,0.090909,0.073968,0.040845,0.012851,0.0071953,0.10563,0.11158,0.11618,0.12579,0.12081,0.10561,0.098793,0.085203,0.058562,0.033354,0.10598,0.11301,0.11612,0.12097,0.11887,0.11051,0.10489,0.092131,0.07268,0.057208,0.043521,0.10024,0.11124,0.11749,0.11805,0.11637,0.11538,0.11267,0.097949,0.084416,0.079119,0.062767,0.097041,0.10897,0.11736,0.11644,0.11529,0.12124,0.11996,0.10477,0.095298,0.094116,0.073543,0.09627,0.10614,0.11457,0.11472,0.11489,0.12643,0.12674,0.10998,0.10101,0.09514,0.071134,0.08639,0.096008,0.10685,0.11119,0.11266,0.12305,0.12601,0.11185,0.1025,0.087319,0.067718,0.081983,0.098043,0.10696,0.10552,0.10923,0.11575,0.11253,0.10422,0.080937,0.050185,0.067493,0.089422,0.099748,0.093493,0.092254,0.10435,0.11468,0.10978,0.082157,0.039502,0.055812,0.076765,0.086681,0.081228,0.0825,0.10122,0.11862,0.11659,0.029401,0.041539,0.057469,0.069132,0.073167,0.084382,0.10628,0.11902,0.016699,0.027344,0.041038,0.055903,0.072259,0.09563,0.11221,0.10934,0.0067645,0.025361,0.042572,0.05795,0.077802,0.1045,0.11141,0.0012282,0.035298,0.059075,0.069302,0.080092,0.10096,0.0094064,0.046737,0.071091,0.073799,0.0733
1989,0.018526,0.0074914,0.0085833,0.013579,0.01529,0.022267,0.016867,0.012368,0.012681,-0.0050549,-0.045089,0.024582,0.016503,0.01499,0.01733,0.019488,0.022022,0.010276,0.0066748,0.01525,0.00031373,-0.045654,0.028081,0.025511,0.024298,0.020636,0.021982,0.023531,0.0078919,-0.0010939,0.0082934,-0.0050696,-0.049826,0.027217,0.031096,0.032813,0.024338,0.022096,0.024896,0.013202,0.0004558,0.00484,-0.012959,-0.055598,-0.058219,0.026374,0.034972,0.042437,0.031952,0.020384,0.022161,0.020253,0.010956,0.0088956,-0.016779,-0.060834,-0.071671,0.027658,0.037743,0.049464,0.042253,0.025239,0.02097,0.023811,0.020774,0.014615,-0.014534,-0.060142,-0.076897,-0.061074,0.030885,0.038486,0.050204,0.04724,0.035471,0.026631,0.025685,0.026098,0.019197,-0.0080573,-0.04996,-0.067344,-0.062261,0.035228,0.03789,0.046806,0.047229,0.043437,0.035158,0.029268,0.028803,0.022425,-0.001544,-0.033217,-0.050128,-0.054651,0.042527,0.043141,0.047828,0.048683,0.046354,0.040489,0.034222,0.029325,0.02139,0.0016111,-0.016973,-0.032545,-0.043389,0.051885,0.055514,0.057589,0.055036,0.049231,0.042547,0.038024,0.028932,0.016196,0.00044502,-0.0070369,-0.018463,-0.031283,0.057768,0.063174,0.065054,0.062961,0.053752,0.042508,0.039391,0.030233,0.01091,-0.0028448,-0.002097,-0.0066236,-0.020845,0.065504,0.068807,0.069448,0.067551,0.054889,0.040005,0.03963,0.033461,0.0091609,-0.0042971,-0.0011364,0.011364,-0.008532,0.065792,0.064753,0.066768,0.065521,0.052543,0.037225,0.037924,0.034864,0.0097722,-0.0033973,0.00039902,0.0071995,0.0019595,0.060248,0.052859,0.053038,0.055664,0.047814,0.037555,0.035713,0.029356,0.0071224,-0.0013727,0.018087,0.0046978,0.056497,0.047929,0.042436,0.044714,0.041776,0.039416,0.03351,0.016363,-0.0036014,-0.0047164,0.0078807,0.017069,0.05637,0.050312,0.041868,0.038595,0.03746,0.039423,0.028545,0.0010707,-0.017208,-0.0092644,0.055752,0.055509,0.04811,0.038058,0.036192,0.034499,0.018585,-0.013718,-0.030894,-0.02127,0.052351,0.057746,0.055248,0.043918,0.036027,0.025108,0.0047347,-0.025492,-0.042776,0.053445,0.058765,0.059694,0.051738,0.03688,0.01643,-0.0080849,-0.03147,-0.050744,0.059607,0.064324,0.062559,0.056604,0.040124,0.014309,-0.012869,-0.030956,-0.052417,0.066005,0.071645,0.065285,0.059829,0.046814,0.019172,-0.0085183,-0.024325,-0.044116,-0.06853,-0.062885,0.06753,0.072834,0.065514,0.062432,0.053865,0.028022,0.001483,-0.013806,-0.026155,-0.045277,0.061001,0.066783,0.062301,0.060897,0.055444,0.035985,0.012723,-0.0011277,-0.0041644,-0.0089631,-0.021005,0.052387,0.061424,0.062054,0.058206,0.052109,0.041916,0.023495,0.012031,0.016699,0.024874,0.0090028,0.047188,0.057512,0.062551,0.055596,0.048505,0.046097,0.033483,0.0232,0.03233,0.046278,0.029174,0.042601,0.049895,0.057649,0.051478,0.045626,0.047664,0.040675,0.030369,0.040284,0.052027,0.035044,0.03176,0.036457,0.046657,0.046995,0.043866,0.045936,0.04254,0.033627,0.04155,0.045857,0.016548,0.02208,0.035846,0.043539,0.042108,0.04154,0.040388,0.037474,0.042761,0.036571,0.0038664,0.011788,0.028897,0.040962,0.038451,0.036535,0.039464,0.04574,0.04963,0.033608,-0.0042778,0.0055805,0.021712,0.034663,0.03469,0.03638,0.047423,0.059669,0.061682,-0.012902,-0.002795,0.010011,0.022777,0.031975,0.046146,0.064275,0.073918,-0.020775,-0.014048,-0.0020516,0.012357,0.03286,0.060048,0.079633,0.078233,-0.023619,-0.013311,-0.0010583,0.016154,0.039555,0.068081,0.081938,-0.017083,0.007459,0.024034,0.034848,0.046156,0.066349,0.0055646,0.03455,0.053781,0.053452,0.048517
1990,0.018915,-1.50E-05,0.0059631,0.012292,0.011962,0.017861,0.0097978,-0.010322,-0.043479,-0.093188,-0.12525,0.033661,0.012437,0.0092858,0.016292,0.018232,0.021539,0.0091639,-0.0065834,-0.032044,-0.092997,-0.14374,0.042307,0.025794,0.017795,0.018344,0.023872,0.027402,0.010735,-0.0086858,-0.029419,-0.093951,-0.16129,0.04523,0.035613,0.027113,0.019858,0.027049,0.034092,0.016208,-0.007298,-0.028464,-0.093519,-0.1735,-0.15802,0.045002,0.039143,0.036142,0.023994,0.028113,0.038453,0.022858,-0.00052539,-0.025263,-0.089198,-0.17469,-0.1818,0.044602,0.03896,0.042915,0.032238,0.030077,0.038227,0.027147,0.0071572,-0.019451,-0.079801,-0.16203,-0.19181,-0.16196,0.047788,0.039939,0.043269,0.038469,0.033213,0.03391,0.025068,0.011038,-0.014007,-0.067795,-0.13867,-0.18028,-0.16734,0.051192,0.044936,0.040786,0.038895,0.034748,0.027902,0.017572,0.0076337,-0.012378,-0.057397,-0.11191,-0.15681,-0.16686,0.04925,0.050312,0.04116,0.03494,0.031129,0.021636,0.0090296,-0.00087265,-0.016748,-0.052388,-0.089518,-0.13095,-0.15811,0.041411,0.051124,0.04335,0.033732,0.024975,0.014142,0.0020972,-0.0087873,-0.025047,-0.053014,-0.073484,-0.1057,-0.14065,0.03271,0.048813,0.047188,0.037965,0.021917,0.0071869,-0.0032933,-0.013074,-0.032445,-0.055291,-0.064596,-0.084494,-0.12351,0.028267,0.044905,0.051501,0.045851,0.02532,0.0051817,-0.0064955,-0.015434,-0.035848,-0.054844,-0.063222,-0.071413,-0.097392,0.027347,0.040422,0.053929,0.055423,0.034779,0.010767,-0.0052992,-0.017477,-0.035623,-0.0534,-0.059574,-0.059668,-0.072393,0.027916,0.03843,0.053354,0.061892,0.046709,0.020742,-0.00074874,-0.021063,-0.033891,-0.048895,-0.051275,-0.05255,0.029616,0.039488,0.05159,0.061682,0.05492,0.032306,0.0061229,-0.023478,-0.033069,-0.040195,-0.034678,-0.032111,0.030005,0.040748,0.049294,0.057105,0.057522,0.041472,0.014278,-0.021885,-0.03283,-0.028583,0.026981,0.038914,0.045167,0.049022,0.053841,0.043915,0.01742,-0.019244,-0.031824,-0.027221,0.026467,0.037971,0.041983,0.040803,0.04419,0.039516,0.015472,-0.016811,-0.030904,0.028295,0.039884,0.041747,0.038929,0.03787,0.035364,0.01614,-0.012731,-0.030825,0.032907,0.041126,0.04367,0.044643,0.042231,0.037739,0.020881,-0.0058874,-0.03037,0.042447,0.045354,0.047039,0.051854,0.05236,0.045449,0.02998,0.0052371,-0.023562,-0.045695,-0.039581,0.054212,0.053698,0.054864,0.058305,0.060408,0.056929,0.043188,0.020336,-0.0068397,-0.029261,0.064976,0.066569,0.067667,0.068106,0.066753,0.065199,0.055491,0.035018,0.015509,0.0030835,-0.002206,0.071311,0.077942,0.08087,0.076803,0.071158,0.070113,0.063346,0.046163,0.036948,0.038419,0.028802,0.079203,0.08512,0.090164,0.082706,0.073078,0.075003,0.069848,0.054732,0.053499,0.065159,0.051543,0.084057,0.091186,0.095499,0.086888,0.074479,0.078181,0.075427,0.060513,0.063453,0.075974,0.059594,0.074175,0.083944,0.092883,0.090266,0.078132,0.07816,0.076529,0.064058,0.066726,0.072054,0.056281,0.067085,0.082797,0.090919,0.081814,0.074742,0.072297,0.066802,0.067733,0.063051,0.042467,0.051569,0.070496,0.086502,0.081798,0.069593,0.067644,0.07074,0.070227,0.057232,0.030486,0.039187,0.055879,0.072991,0.074141,0.066045,0.068763,0.07712,0.075935,0.014173,0.023194,0.035852,0.050422,0.060216,0.067894,0.078171,0.082833,-0.0040084,0.0026691,0.013405,0.026705,0.046336,0.073469,0.088877,0.082336,-0.020524,-0.0089756,0.0031869,0.016758,0.040503,0.076378,0.092348,-0.02432,-0.00081735,0.017899,0.028115,0.042347,0.07197,-0.0087827,0.020472,0.043032,0.046189,0.044722
1991,0.040024,0.03724,0.041604,0.048894,0.048103,0.047321,0.037804,0.019999,-0.0086053,-0.056813,-0.092176,0.043158,0.039134,0.043344,0.048779,0.051258,0.050078,0.038382,0.025535,0.004514,-0.05117,-0.10183,0.041309,0.037394,0.043901,0.045828,0.051113,0.054068,0.040089,0.024183,0.0096285,-0.047138,-0.11268,0.03607,0.035875,0.04243,0.039781,0.045785,0.055408,0.042996,0.023904,0.012236,-0.042806,-0.11978,-0.10676,0.029867,0.031208,0.038267,0.031378,0.035231,0.048875,0.041781,0.024616,0.012457,-0.039664,-0.11765,-0.13238,0.030699,0.026845,0.033728,0.024309,0.0216,0.033603,0.031894,0.021095,0.0087887,-0.039598,-0.10792,-0.13101,-0.12411,0.036176,0.026594,0.032147,0.024163,0.013319,0.015213,0.013631,0.00931,-0.00090572,-0.042664,-0.094531,-0.1208,-0.12894,0.035454,0.02564,0.025962,0.024251,0.013943,0.0056633,-0.0021021,-0.0060343,-0.014748,-0.047013,-0.08689,-0.10482,-0.1327,0.028903,0.02568,0.022173,0.022089,0.016816,0.0057324,-0.0078525,-0.016308,-0.027807,-0.050293,-0.07392,-0.091445,-0.13719,0.017526,0.025385,0.020892,0.01883,0.015965,0.0064401,-0.0074516,-0.018741,-0.035748,-0.050361,-0.061594,-0.080151,-0.13218,0.0060571,0.019865,0.019813,0.01589,0.011751,0.0018728,-0.0076162,-0.018048,-0.038958,-0.051628,-0.05772,-0.071517,-0.11747,0.0030923,0.013254,0.021885,0.021152,0.01186,-0.0027671,-0.0082487,-0.015733,-0.0378,-0.051462,-0.052409,-0.06005,-0.09803,0.0096099,0.010959,0.02354,0.030829,0.020768,0.00057413,-0.0054284,-0.010382,-0.031959,-0.049165,-0.048993,-0.048688,-0.075333,0.021472,0.016326,0.025956,0.038677,0.031694,0.010931,8.33E-05,-0.006074,-0.024966,-0.045191,-0.041101,-0.051776,0.034232,0.029753,0.033253,0.043864,0.039355,0.022382,0.0057162,-0.0073367,-0.022504,-0.03692,-0.027304,-0.027176,0.04588,0.042995,0.040956,0.044468,0.045493,0.034478,0.013539,-0.0091789,-0.022902,-0.025249,0.052118,0.050624,0.045812,0.044102,0.049288,0.042359,0.020725,-0.0079092,-0.023717,-0.022045,0.054253,0.053544,0.048851,0.045861,0.049934,0.043974,0.022397,-0.004967,-0.024883,0.056238,0.053981,0.050848,0.048565,0.048983,0.042604,0.022043,-0.0016329,-0.025463,0.061139,0.054431,0.050355,0.049084,0.048351,0.042193,0.024064,0.0019219,-0.025154,0.067314,0.05649,0.04707,0.045988,0.047393,0.042458,0.027156,0.0070518,-0.020493,-0.050882,-0.045387,0.068846,0.058762,0.04608,0.042028,0.043897,0.040311,0.029417,0.01459,-0.0082243,-0.035375,0.065358,0.05821,0.046785,0.039134,0.037031,0.036454,0.031371,0.022916,0.0085553,-0.0065903,-0.015927,0.062719,0.056899,0.048892,0.038113,0.030423,0.033326,0.03388,0.028755,0.023233,0.02222,0.0096055,0.059143,0.054474,0.049893,0.039242,0.029331,0.033349,0.036039,0.03003,0.032078,0.042081,0.028192,0.051414,0.048733,0.045705,0.037186,0.031996,0.036101,0.035585,0.027635,0.035009,0.047776,0.034047,0.040175,0.040258,0.038451,0.033328,0.032443,0.037321,0.032441,0.024392,0.034178,0.041841,0.028682,0.032711,0.03353,0.032199,0.029945,0.032107,0.027574,0.02389,0.032767,0.033392,0.020942,0.028878,0.032517,0.030373,0.023748,0.021446,0.021858,0.028039,0.035891,0.030527,0.014435,0.024185,0.027933,0.022906,0.014639,0.013703,0.024004,0.038796,0.045588,0.0052683,0.013687,0.015844,0.0099316,0.0044095,0.015263,0.038102,0.055049,-0.0081726,-0.0011262,0.0013032,-0.0028784,0.00067552,0.027222,0.056397,0.064408,-0.021099,-0.0086901,-0.00017013,0.0017504,0.010969,0.0422,0.067238,-0.023081,0.0025547,0.022056,0.026668,0.030014,0.051794,-0.0050964,0.02539,0.049901,0.051158,0.044882
1992,-0.018649,-0.034746,-0.026348,-0.017907,-0.020522,-0.017355,-0.02122,-0.035617,-0.047497,-0.068938,-0.093099,-0.01441,-0.035789,-0.034624,-0.025754,-0.015263,-0.01197,-0.020885,-0.028218,-0.035324,-0.070517,-0.10357,-0.0080961,-0.029777,-0.034423,-0.035624,-0.019414,-0.0089615,-0.018642,-0.025257,-0.030409,-0.076288,-0.12039,-0.00026644,-0.016832,-0.025562,-0.038441,-0.028284,-0.010454,-0.014343,-0.021395,-0.029409,-0.080924,-0.13573,-0.12837,0.003216,-0.0009079,-0.0090915,-0.030896,-0.034305,-0.016271,-0.013749,-0.019472,-0.031471,-0.082305,-0.14423,-0.13506,0.0026617,0.0059252,0.0080379,-0.013863,-0.032396,-0.02137,-0.017515,-0.023338,-0.037323,-0.082379,-0.14314,-0.15256,-0.1245,0.0074532,0.007388,0.017119,0.0055277,-0.016977,-0.01831,-0.019185,-0.027383,-0.043531,-0.082947,-0.13458,-0.15303,-0.1374,0.01926,0.013818,0.020124,0.021961,0.0090225,-0.0049753,-0.01568,-0.028882,-0.048432,-0.083578,-0.12597,-0.14631,-0.14623,0.030842,0.026096,0.024941,0.032493,0.030555,0.010224,-0.0095541,-0.028477,-0.05292,-0.085135,-0.11726,-0.13205,-0.15075,0.03816,0.040199,0.035221,0.037438,0.03813,0.019727,-0.0039373,-0.026614,-0.057018,-0.090348,-0.10602,-0.11946,-0.152,0.042501,0.049376,0.045404,0.040046,0.037716,0.023887,0.00054733,-0.025268,-0.059642,-0.095599,-0.10019,-0.10865,-0.14126,0.046631,0.050078,0.049371,0.04077,0.034086,0.02256,0.0020115,-0.025262,-0.060622,-0.098045,-0.097064,-0.097511,-0.1234,0.051189,0.045758,0.045847,0.037804,0.027516,0.016766,-4.03E-06,-0.025612,-0.059438,-0.094226,-0.09223,-0.08539,-0.10064,0.053294,0.041576,0.039968,0.033199,0.021448,0.011412,-0.0030646,-0.026439,-0.056287,-0.086306,-0.084629,-0.077812,0.057757,0.042844,0.038499,0.031026,0.018303,0.0090007,-0.0047485,-0.027816,-0.052884,-0.072812,-0.071095,-0.058666,0.063223,0.052518,0.044275,0.03356,0.018403,0.0095589,-0.0031865,-0.026835,-0.048217,-0.05551,0.066004,0.063745,0.054361,0.039539,0.021616,0.011671,0.0010726,-0.021345,-0.039987,-0.043584,0.06865,0.074308,0.066467,0.048095,0.026653,0.014979,0.0061754,-0.011484,-0.029199,0.07034,0.078537,0.077211,0.061113,0.034272,0.019589,0.01235,-0.0012487,-0.019666,0.073898,0.078927,0.081532,0.074741,0.048097,0.025827,0.019369,0.0075445,-0.013218,0.077388,0.079626,0.080814,0.082665,0.065386,0.038289,0.027575,0.016224,-0.0041179,-0.022441,-0.025381,0.075539,0.078823,0.078807,0.084571,0.07701,0.053753,0.039012,0.027583,0.011368,-0.00086693,0.068616,0.075464,0.078328,0.084221,0.080884,0.064999,0.051664,0.040741,0.030991,0.028341,0.023878,0.062054,0.071815,0.078952,0.08493,0.084726,0.0777,0.067644,0.056787,0.053271,0.060124,0.056095,0.060624,0.068651,0.076653,0.084056,0.088718,0.0928,0.087564,0.074861,0.074846,0.08746,0.07935,0.063121,0.065639,0.071714,0.08117,0.09042,0.10286,0.10318,0.090047,0.089554,0.098927,0.084288,0.06513,0.066224,0.072052,0.082382,0.093345,0.10468,0.10692,0.097876,0.096325,0.095781,0.06465,0.070691,0.07887,0.089065,0.096787,0.10044,0.10103,0.10121,0.10015,0.08767,0.064269,0.076327,0.085946,0.094493,0.097479,0.095778,0.097262,0.10577,0.10501,0.084843,0.063554,0.074606,0.08164,0.089112,0.093941,0.097379,0.10551,0.11543,0.11163,0.059047,0.06678,0.070408,0.077397,0.090269,0.10724,0.11994,0.12262,0.049304,0.060163,0.067238,0.073434,0.091051,0.11921,0.12908,0.11535,0.043869,0.060645,0.074309,0.080255,0.094199,0.12329,0.12957,0.04187,0.067278,0.086109,0.088042,0.091362,0.11415,0.038219,0.065168,0.085972,0.084698,0.081887
1993,0.025585,0.016086,0.022398,0.019993,0.0034375,-0.015732,-0.036316,-0.048401,-0.055564,-0.07445,-0.096414,0.034338,0.027925,0.035725,0.037157,0.026547,0.0044817,-0.023999,-0.034288,-0.036666,-0.061994,-0.10192,0.042489,0.037587,0.046248,0.046991,0.039795,0.021659,-0.0073522,-0.023023,-0.02268,-0.054651,-0.10579,0.048754,0.044267,0.052833,0.050471,0.044856,0.03524,0.013456,-0.0061836,-0.0085822,-0.045547,-0.10496,-0.12212,0.052686,0.049601,0.056924,0.053239,0.046541,0.046272,0.033981,0.015999,0.0066907,-0.031295,-0.09572,-0.12185,0.058133,0.053917,0.058997,0.058831,0.051958,0.053233,0.048295,0.037187,0.022948,-0.013867,-0.078705,-0.1243,-0.12968,0.064185,0.058989,0.060256,0.063128,0.0616,0.05792,0.053775,0.049155,0.035917,0.0010942,-0.058147,-0.11547,-0.12857,0.065136,0.063719,0.063213,0.066146,0.068206,0.061393,0.053867,0.04886,0.038018,0.0067406,-0.041818,-0.097037,-0.12316,0.060872,0.06686,0.064251,0.068058,0.071076,0.063245,0.052787,0.043953,0.029225,0.0026383,-0.031842,-0.072721,-0.1154,0.052963,0.065695,0.061986,0.063467,0.067472,0.061634,0.050748,0.039202,0.017251,-0.0072375,-0.026013,-0.052512,-0.095264,0.044349,0.060017,0.058035,0.055713,0.057193,0.053602,0.045568,0.033281,0.0066195,-0.016422,-0.019877,-0.033723,-0.074807,0.036915,0.051004,0.053241,0.051712,0.049418,0.04418,0.038103,0.026073,0.00026557,-0.017984,-0.015957,-0.016008,-0.052919,0.031392,0.0411,0.048859,0.050485,0.045877,0.037509,0.031422,0.021518,2.63E-05,-0.014996,-0.011926,-0.0057996,-0.023909,0.031422,0.034078,0.04418,0.049256,0.045166,0.037882,0.030908,0.023158,0.0060757,-0.0064866,-0.004041,-0.0036296,0.032525,0.033061,0.040957,0.048587,0.047454,0.044889,0.03614,0.027474,0.014852,0.0030565,0.018049,0.015606,0.02976,0.038634,0.044544,0.050307,0.051199,0.052748,0.04399,0.030844,0.021471,0.01259,0.02748,0.044022,0.051694,0.053853,0.054809,0.056108,0.049153,0.034326,0.025596,0.021684,0.02625,0.041759,0.053601,0.055544,0.056507,0.054814,0.049051,0.037976,0.025406,0.023982,0.034725,0.048683,0.054501,0.055389,0.051128,0.046917,0.04059,0.023362,0.02687,0.03096,0.039509,0.049276,0.051155,0.046078,0.044923,0.041894,0.021763,0.036232,0.032641,0.031505,0.041525,0.044105,0.040736,0.042246,0.041185,0.021704,-0.0033459,-0.0041808,0.043461,0.038881,0.031419,0.036073,0.03883,0.037894,0.038415,0.037381,0.024669,0.0067561,0.045856,0.04181,0.034921,0.034775,0.035443,0.036766,0.036064,0.033666,0.029819,0.024959,0.021962,0.044537,0.043021,0.038684,0.035133,0.033842,0.036238,0.035689,0.031842,0.035607,0.044666,0.041345,0.042696,0.04531,0.043442,0.035644,0.032991,0.036857,0.036448,0.032167,0.041433,0.058786,0.053932,0.042875,0.042789,0.043485,0.034535,0.030269,0.035739,0.03648,0.0323,0.044669,0.062516,0.054143,0.03737,0.031315,0.03456,0.033938,0.029317,0.033035,0.033257,0.030205,0.043837,0.056715,0.024826,0.019265,0.023763,0.031142,0.029058,0.029283,0.030937,0.033128,0.045652,0.049239,0.015386,0.014207,0.018692,0.024224,0.023373,0.025128,0.034274,0.047182,0.056977,0.048822,0.011715,0.011782,0.014779,0.015161,0.015457,0.025189,0.046944,0.068578,0.074523,0.0071615,0.006978,0.008588,0.0087736,0.014627,0.037239,0.066691,0.085959,-0.00015815,0.0019094,0.0048481,0.010756,0.028515,0.060757,0.084818,0.087686,-0.0067948,0.0019915,0.0090901,0.021388,0.044768,0.076803,0.090229,-0.0012549,0.012272,0.0226,0.032509,0.049959,0.074565,0.017293,0.030014,0.038419,0.039753,0.04433
1994,0.043952,0.034976,0.028021,0.0094545,-0.0052853,-0.010882,-0.02102,-0.027391,-0.033344,-0.067018,-0.1125,0.052821,0.044362,0.035496,0.01826,0.0079697,-0.00063511,-0.019889,-0.025859,-0.031133,-0.078416,-0.13784,0.062441,0.053806,0.042627,0.02502,0.017941,0.0097972,-0.017121,-0.031773,-0.038203,-0.096394,-0.168,0.070711,0.066371,0.051892,0.031071,0.022859,0.017624,-0.0095379,-0.03283,-0.044891,-0.11049,-0.19336,-0.18956,0.070578,0.074329,0.064345,0.038215,0.025043,0.020222,-0.00043314,-0.02394,-0.041793,-0.11095,-0.20178,-0.2048,0.067325,0.072957,0.073292,0.048367,0.028052,0.02006,0.0053904,-0.011418,-0.030695,-0.097722,-0.18894,-0.21843,-0.19943,0.066621,0.068958,0.072858,0.057457,0.035101,0.020451,0.0077356,-0.003336,-0.02067,-0.077825,-0.1592,-0.20717,-0.21329,0.063928,0.065173,0.0656,0.059382,0.042272,0.023436,0.0090758,0.00066278,-0.015646,-0.060525,-0.12343,-0.18346,-0.21515,0.056513,0.060541,0.057659,0.056219,0.045483,0.026528,0.01086,0.0032582,-0.01302,-0.04925,-0.096636,-0.14934,-0.2094,0.047013,0.055251,0.053932,0.053218,0.045565,0.026639,0.012239,0.0047506,-0.013208,-0.043746,-0.073603,-0.11931,-0.19407,0.038612,0.051668,0.054957,0.054584,0.046089,0.025179,0.011175,0.0037195,-0.015728,-0.044869,-0.062802,-0.093438,-0.16553,0.035184,0.048088,0.055687,0.058486,0.049794,0.025397,0.0089797,0.0011754,-0.017226,-0.044661,-0.055482,-0.073057,-0.12753,0.036072,0.041733,0.052772,0.06151,0.054865,0.028234,0.0080162,-0.00121,-0.016218,-0.041285,-0.048746,-0.056764,-0.090733,0.041111,0.038132,0.047271,0.059083,0.055419,0.03146,0.0090173,-0.0037775,-0.014402,-0.032112,-0.046256,-0.062827,0.050749,0.044819,0.0449,0.049293,0.047727,0.03156,0.010022,-0.0073385,-0.014922,-0.022077,-0.033322,-0.029544,0.058836,0.05881,0.050881,0.041184,0.036621,0.028952,0.01058,-0.011526,-0.018052,-0.0171,0.061692,0.068148,0.061417,0.043019,0.032616,0.027822,0.012313,-0.012792,-0.021402,-0.017202,0.061919,0.070509,0.070428,0.053982,0.03808,0.029693,0.015874,-0.0086867,-0.022449,0.060269,0.069475,0.074662,0.06622,0.04924,0.034642,0.021462,0.0011887,-0.020668,0.059041,0.066373,0.072683,0.075156,0.063526,0.04666,0.033222,0.015435,-0.015803,0.058743,0.063512,0.066426,0.077275,0.075816,0.061943,0.049421,0.030934,-0.0048169,-0.038358,-0.039844,0.05796,0.062366,0.063202,0.075828,0.08047,0.071947,0.06148,0.042598,0.012795,-0.012669,0.055748,0.063639,0.065401,0.072802,0.076762,0.075067,0.068189,0.050435,0.032456,0.022958,0.0091681,0.053107,0.064977,0.068244,0.068229,0.067989,0.073108,0.071775,0.057098,0.050023,0.052643,0.037438,0.050201,0.063271,0.068597,0.064738,0.061195,0.069258,0.071565,0.060145,0.060471,0.067923,0.051452,0.048084,0.058362,0.064809,0.062693,0.059119,0.065338,0.06663,0.057883,0.061507,0.06602,0.049407,0.042615,0.05264,0.060288,0.060871,0.058722,0.060291,0.057801,0.053113,0.05785,0.05386,0.031233,0.044564,0.057425,0.060828,0.057946,0.055313,0.051434,0.053147,0.057315,0.043118,0.020306,0.036147,0.054189,0.060451,0.055259,0.05123,0.051765,0.06092,0.064412,0.0422,0.011348,0.026511,0.045578,0.056316,0.052802,0.05171,0.060406,0.07469,0.076341,0.0026815,0.013365,0.02928,0.043424,0.049722,0.061533,0.078378,0.08697,-0.0068765,0.0021689,0.014807,0.029253,0.047273,0.074459,0.09345,0.086546,-0.014753,-0.0013883,0.015036,0.029747,0.047627,0.078229,0.093817,-0.007526,0.012874,0.034852,0.043805,0.049402,0.071555,0.016524,0.039111,0.056923,0.056093,0.049414
1995,-0.0017591,-0.019092,-0.025521,-0.02627,-0.03115,-0.0337,-0.030476,-0.028544,-0.038719,-0.073647,-0.11048,0.0014474,-0.013906,-0.022646,-0.023459,-0.022643,-0.023145,-0.027756,-0.025765,-0.031497,-0.073822,-0.11393,0.0034826,-0.0090739,-0.019755,-0.025019,-0.017381,-0.012442,-0.026785,-0.031312,-0.033389,-0.076808,-0.12782,0.003269,-0.0085814,-0.018633,-0.030156,-0.019165,-0.0081651,-0.025148,-0.037106,-0.038656,-0.080522,-0.13725,-0.14093,0.0020738,-0.011087,-0.017816,-0.03232,-0.025441,-0.012856,-0.024216,-0.037203,-0.041589,-0.080669,-0.13733,-0.14164,0.0060176,-0.0071147,-0.013808,-0.029167,-0.030513,-0.022864,-0.027276,-0.03418,-0.040924,-0.076059,-0.12575,-0.138,-0.13329,0.014363,0.0037379,-0.0063915,-0.021938,-0.028584,-0.029616,-0.032092,-0.031438,-0.038905,-0.068686,-0.10848,-0.12128,-0.13258,0.02543,0.016385,0.0035117,-0.013629,-0.019156,-0.02478,-0.031392,-0.029892,-0.039102,-0.062223,-0.089652,-0.10366,-0.13144,0.032769,0.027839,0.013609,-0.0047561,-0.0075866,-0.01208,-0.024467,-0.030109,-0.043325,-0.059609,-0.071686,-0.085041,-0.12446,0.0309,0.030124,0.019087,0.0036877,0.00013077,-0.0019536,-0.016186,-0.029719,-0.047716,-0.058086,-0.057634,-0.06775,-0.11297,0.02449,0.026471,0.018801,0.0081809,0.0027209,0.0014313,-0.0084989,-0.02579,-0.047834,-0.063763,-0.054586,-0.058069,-0.098722,0.018707,0.021883,0.016875,0.010484,0.0016625,-0.0022528,-0.0046076,-0.020308,-0.044193,-0.061821,-0.054882,-0.050747,-0.079657,0.016697,0.020103,0.018728,0.013241,0.0013432,-0.0081887,-0.0060492,-0.0164,-0.039305,-0.061107,-0.053854,-0.041846,-0.059034,0.017914,0.019934,0.021064,0.015368,0.0025878,-0.010824,-0.0096076,-0.015721,-0.034035,-0.053542,-0.046442,-0.040133,0.020842,0.019408,0.020341,0.013786,0.0023462,-0.0098551,-0.012518,-0.019403,-0.033741,-0.048095,-0.033251,-0.023608,0.02363,0.021132,0.018721,0.008984,0.00018137,-0.0066359,-0.013782,-0.027249,-0.039456,-0.039142,0.025142,0.02343,0.018461,0.0055418,-0.0014947,-0.0041341,-0.015035,-0.035203,-0.049972,-0.040409,0.025338,0.02419,0.020722,0.0076203,-0.0019402,-0.0062466,-0.018244,-0.038846,-0.054119,0.027361,0.025236,0.022282,0.0092977,-0.0050526,-0.012756,-0.021963,-0.038537,-0.05966,0.032815,0.025537,0.019423,0.0066808,-0.008903,-0.01794,-0.024327,-0.036934,-0.061891,0.036771,0.023762,0.013497,0.0042066,-0.008163,-0.017632,-0.023841,-0.034172,-0.056304,-0.077952,-0.067715,0.038396,0.025512,0.012948,0.0044799,-0.0042739,-0.013469,-0.019901,-0.027125,-0.040426,-0.053005,0.038649,0.029517,0.018917,0.0080559,-0.0024875,-0.009068,-0.013815,-0.016754,-0.017551,-0.014912,-0.018979,0.03795,0.032602,0.027292,0.014852,-0.0012719,-0.0045931,-0.0064019,-0.0051705,0.0061921,0.022993,0.015005,0.035666,0.032719,0.03172,0.021566,0.0045332,0.0037936,0.0039212,0.0071736,0.026927,0.051152,0.040023,0.026608,0.026357,0.03067,0.026526,0.014126,0.013978,0.014267,0.017262,0.040018,0.061505,0.048602,0.018267,0.018881,0.027643,0.031974,0.023188,0.020378,0.020364,0.023543,0.044908,0.057314,0.017654,0.016426,0.02684,0.035294,0.027545,0.021036,0.023318,0.030332,0.047933,0.049031,0.025357,0.021108,0.02731,0.032989,0.024949,0.018536,0.025413,0.039685,0.054124,0.045295,0.034554,0.025328,0.022626,0.022807,0.017221,0.018468,0.032079,0.050705,0.061467,0.036818,0.023692,0.013671,0.010399,0.013564,0.029418,0.048403,0.061785,0.035156,0.02492,0.012535,0.010584,0.024307,0.051596,0.068351,0.066546,0.041382,0.042365,0.033619,0.032245,0.04659,0.073292,0.08131,0.058165,0.075116,0.075768,0.066477,0.067299,0.084575,0.074942,0.098811,0.10529,0.08728,0.074757
1996,0.031742,0.030492,0.037865,0.049881,0.053068,0.051904,0.045739,0.032259,0.013531,-0.018651,-0.054049,0.039731,0.038654,0.0392,0.047697,0.053153,0.052195,0.043621,0.034994,0.023076,-0.015501,-0.060819,0.040346,0.038862,0.037183,0.037558,0.044592,0.050992,0.043285,0.032397,0.024031,-0.016598,-0.064996,0.034728,0.03028,0.029408,0.026985,0.036745,0.049726,0.044871,0.0306,0.020552,-0.017919,-0.065065,-0.07072,0.028352,0.018467,0.018346,0.020559,0.029845,0.043921,0.043188,0.029774,0.017591,-0.015821,-0.059031,-0.074376,0.025366,0.006877,0.0088953,0.016564,0.02183,0.032394,0.034766,0.026565,0.016287,-0.010045,-0.048071,-0.071619,-0.066593,0.026322,0.0014353,0.0013813,0.012104,0.014861,0.01881,0.020301,0.017866,0.012729,-0.0054995,-0.036176,-0.063809,-0.067179,0.029868,0.005911,-0.0040433,0.0042937,0.009188,0.0070298,0.0053132,0.0049868,0.0041385,-0.0052663,-0.026452,-0.052959,-0.067423,0.031627,0.014588,-0.0042686,-0.003856,0.0037493,0.0010906,-0.0032565,-0.0057058,-0.0061087,-0.009464,-0.020142,-0.041119,-0.065327,0.030648,0.019474,0.00027425,-0.0056593,0.0010358,0.0014047,-0.0026473,-0.0089613,-0.014718,-0.017034,-0.018248,-0.029274,-0.060476,0.029738,0.021524,0.0062932,-0.0004635,0.0021159,0.0033928,0.00035004,-0.008252,-0.021668,-0.026909,-0.020234,-0.026061,-0.057046,0.033395,0.024828,0.012167,0.0093843,0.006292,0.0033021,-8.44E-05,-0.0088782,-0.028221,-0.037735,-0.021428,-0.024432,-0.045229,0.038197,0.029867,0.01934,0.017088,0.0096792,0.0014478,-0.0021494,-0.009625,-0.030342,-0.045353,-0.031629,-0.025504,-0.02953,0.039829,0.03454,0.026765,0.018964,0.009447,-0.0023681,-0.00618,-0.012118,-0.028014,-0.044156,-0.035528,-0.020453,0.038961,0.035918,0.030361,0.016898,0.0060117,-0.0067306,-0.01364,-0.019668,-0.027585,-0.037315,-0.032193,-0.0078822,0.03771,0.035853,0.030247,0.014792,0.0017306,-0.0094961,-0.022132,-0.031271,-0.032184,-0.036376,0.03855,0.036781,0.030795,0.015753,-1.68E-05,-0.010202,-0.026717,-0.042103,-0.042579,-0.037911,0.040288,0.036661,0.032442,0.020112,0.0023487,-0.0091682,-0.024519,-0.045386,-0.052108,0.041939,0.039297,0.035331,0.027153,0.0096142,-0.0042327,-0.017638,-0.039599,-0.057208,0.044543,0.044224,0.039141,0.033205,0.01974,0.0035519,-0.01126,-0.032204,-0.058929,0.045662,0.046018,0.041692,0.03547,0.028232,0.012002,-0.0061575,-0.02956,-0.058681,-0.089591,-0.097537,0.044919,0.044152,0.0419,0.03405,0.028461,0.016082,-0.0028399,-0.027991,-0.053779,-0.078814,0.04867,0.045127,0.042345,0.031558,0.020407,0.013399,-0.0021329,-0.022355,-0.036176,-0.047126,-0.067142,0.054297,0.050169,0.048684,0.033288,0.013689,0.0088958,-0.0021466,-0.014058,-0.0084895,-0.003962,-0.030129,0.058871,0.054343,0.054472,0.03978,0.018269,0.011614,0.00060049,-0.0049957,0.017491,0.034035,0.0028416,0.063424,0.053624,0.053197,0.044383,0.031469,0.025103,0.011199,0.0047856,0.032861,0.053055,0.021373,0.069898,0.055098,0.052499,0.048385,0.041749,0.038344,0.024887,0.014508,0.035855,0.050472,0.066989,0.054702,0.052371,0.053502,0.04598,0.040386,0.031994,0.022947,0.032166,0.034862,0.05513,0.046233,0.046683,0.052637,0.042847,0.034232,0.033173,0.031566,0.030147,0.018705,0.044318,0.034454,0.03401,0.040764,0.034335,0.028769,0.037311,0.043383,0.036196,0.037884,0.024889,0.020146,0.025288,0.027433,0.034075,0.049879,0.056871,0.035663,0.024594,0.016047,0.017827,0.02904,0.049472,0.065325,0.062607,0.039254,0.040471,0.031425,0.028189,0.039711,0.064774,0.074701,0.045488,0.063849,0.061846,0.050989,0.051979,0.069496,0.049316,0.078932,0.085842,0.067642,0.055795
1997,0.0016997,0.0012778,0.011421,0.017943,0.024999,0.028465,0.017525,0.0097722,0.0023564,-0.026737,-0.061399,0.0003064,0.0015337,0.0090902,0.014906,0.026064,0.032399,0.015445,0.0072745,0.0054641,-0.026422,-0.071496,-0.00029297,0.0021255,0.0065193,0.0089391,0.023546,0.03274,0.015219,7.46E-05,-0.0015277,-0.031365,-0.078283,9.82E-05,0.0017409,0.0057237,0.0031374,0.015346,0.027446,0.014804,-0.004975,-0.0085285,-0.036111,-0.079606,-0.085145,-0.0015856,-0.0022076,0.0052671,0.00051846,0.0071984,0.021012,0.014016,-0.0034114,-0.0083704,-0.035338,-0.074139,-0.088563,-0.0045325,-0.0063747,0.0054497,0.0041557,0.0054504,0.014615,0.010106,-0.00083188,-0.0054733,-0.029437,-0.063131,-0.085147,-0.10661,-0.0023547,-0.007917,0.0032538,0.0087635,0.0092587,0.0077665,-0.00015837,-0.0039368,-0.0062931,-0.024173,-0.051855,-0.079459,-0.10748,0.0059006,-0.0042857,-0.0022738,0.0037867,0.0064463,-0.00071958,-0.012699,-0.013146,-0.012646,-0.024817,-0.04371,-0.076023,-0.11715,0.011988,0.0047897,-0.0033069,-0.0064845,-0.0048608,-0.009384,-0.021857,-0.024111,-0.024529,-0.031772,-0.043331,-0.075122,-0.12434,0.016201,0.011893,-0.00056731,-0.010749,-0.013747,-0.015715,-0.024287,-0.031376,-0.037719,-0.042785,-0.050033,-0.072475,-0.11984,0.018109,0.014882,0.0017532,-0.0085349,-0.014097,-0.018784,-0.023062,-0.03319,-0.047037,-0.055859,-0.059204,-0.070411,-0.11019,0.019442,0.016436,0.0075058,-0.002107,-0.010135,-0.020995,-0.024859,-0.033946,-0.051459,-0.065365,-0.066105,-0.06451,-0.091705,0.02201,0.018397,0.01449,0.0071348,-0.0065053,-0.022548,-0.030322,-0.036944,-0.052118,-0.070464,-0.063807,-0.056707,-0.070219,0.028636,0.022566,0.020038,0.014136,-0.0032266,-0.023453,-0.037189,-0.044396,-0.05337,-0.064714,-0.052653,-0.047659,0.036891,0.026722,0.023727,0.018619,0.0001794,-0.024725,-0.045121,-0.058478,-0.059925,-0.059134,-0.042072,-0.024614,0.043801,0.030611,0.02468,0.01842,0.00088859,-0.024124,-0.050273,-0.072302,-0.070441,-0.051883,0.048932,0.037072,0.026546,0.015489,-0.0016148,-0.021245,-0.048636,-0.076983,-0.085473,-0.052314,0.053277,0.046587,0.034322,0.016645,-0.0025212,-0.017186,-0.041367,-0.070191,-0.079028,0.055118,0.053207,0.042059,0.025206,0.0035443,-0.010842,-0.031086,-0.057009,-0.075589,0.055121,0.053165,0.044669,0.034664,0.017521,0.00097558,-0.018238,-0.042092,-0.066973,0.058292,0.049307,0.044069,0.039727,0.031843,0.017209,-0.0011659,-0.025715,-0.050544,-0.07647,-0.07932,0.069578,0.053897,0.044798,0.041168,0.038641,0.02956,0.01482,-0.0067036,-0.02462,-0.046285,0.07806,0.065827,0.050687,0.041019,0.036286,0.034029,0.025169,0.012086,0.0065858,-0.0047446,-0.031154,0.083908,0.070382,0.056772,0.041974,0.03286,0.035903,0.031983,0.026636,0.034778,0.033969,0.003433,0.094323,0.07664,0.062354,0.046022,0.035343,0.040632,0.038646,0.035638,0.054767,0.063929,0.029017,0.09715,0.082366,0.069158,0.051968,0.043192,0.04958,0.046982,0.042319,0.064819,0.076263,0.040007,0.093123,0.082696,0.074866,0.061837,0.053058,0.056848,0.053209,0.047123,0.063791,0.068178,0.084649,0.082041,0.082761,0.075717,0.063034,0.058074,0.055728,0.050239,0.055929,0.050641,0.072409,0.079174,0.087273,0.083937,0.066183,0.054722,0.056243,0.055187,0.05053,0.035808,0.059371,0.070297,0.079802,0.077727,0.060647,0.053431,0.061565,0.064073,0.053122,0.046757,0.055651,0.061399,0.060399,0.053354,0.061585,0.074598,0.072925,0.033535,0.041586,0.045445,0.045258,0.050761,0.07616,0.088016,0.073118,0.024867,0.037191,0.042999,0.043355,0.053496,0.084102,0.090904,0.024856,0.045672,0.056033,0.053099,0.056696,0.080115,0.031525,0.056449,0.070556,0.063414,0.055961
1998,-0.02011,-0.022702,-0.006931,-0.0025403,-0.0069333,-0.016185,-0.025974,-0.036465,-0.052047,-0.092325,-0.13926,-0.011026,-0.019945,-0.0078444,-0.0020543,-0.0072429,-0.019696,-0.03868,-0.043191,-0.048841,-0.095304,-0.15608,-0.0017321,-0.010838,-0.0083943,-0.0045265,-0.0086428,-0.02325,-0.052735,-0.061936,-0.058142,-0.10529,-0.17926,0.0040213,-0.0018853,-0.0054695,-0.0078695,-0.0098928,-0.027659,-0.063138,-0.078823,-0.071102,-0.11497,-0.1953,-0.2042,0.0051689,0.00066959,-0.0024453,-0.010623,-0.012926,-0.029545,-0.065813,-0.082821,-0.077186,-0.11716,-0.19307,-0.21885,0.0046697,-0.0018608,-0.0022984,-0.0089987,-0.015355,-0.028055,-0.059837,-0.075047,-0.073871,-0.10785,-0.17032,-0.21154,-0.20694,0.0084696,-0.0038975,-0.0022905,-0.0030369,-0.01201,-0.025542,-0.047812,-0.060321,-0.062973,-0.089775,-0.14064,-0.1877,-0.21414,0.017066,0.00041332,-0.00088912,0.0022793,-0.0044281,-0.018666,-0.033187,-0.043165,-0.050431,-0.071437,-0.10738,-0.15705,-0.21216,0.026375,0.010195,0.0018799,0.0049617,0.0033213,-0.0071364,-0.019331,-0.02937,-0.040431,-0.056504,-0.080467,-0.12594,-0.19945,0.031115,0.020566,0.0067784,0.0054579,0.0073727,0.0023589,-0.0079879,-0.020745,-0.033981,-0.045672,-0.061489,-0.098306,-0.17268,0.032979,0.028174,0.013844,0.0076991,0.0085513,0.0064853,-0.00049563,-0.013749,-0.029245,-0.041296,-0.052558,-0.077867,-0.14586,0.035098,0.031545,0.020771,0.01423,0.011052,0.0070441,0.0021597,-0.0070451,-0.025485,-0.039739,-0.051482,-0.065777,-0.11332,0.037055,0.031137,0.024335,0.021009,0.015241,0.0054189,0.00042447,-0.004063,-0.02141,-0.038357,-0.046236,-0.059413,-0.084259,0.03759,0.030169,0.025025,0.023703,0.017816,0.0054929,-0.003215,-0.0073745,-0.018827,-0.035754,-0.047985,-0.059154,0.036433,0.029636,0.02517,0.022336,0.016342,0.0078196,-0.0045921,-0.013233,-0.020089,-0.029988,-0.031274,-0.037576,0.034165,0.029258,0.02443,0.018702,0.012488,0.0084984,-0.0010516,-0.016562,-0.024581,-0.025151,0.030554,0.027078,0.02184,0.013738,0.0076673,0.0073566,0.0036104,-0.015862,-0.027895,-0.021242,0.027416,0.023625,0.018541,0.0094594,0.0025555,0.0040091,0.0049928,-0.010968,-0.026492,0.028506,0.021579,0.016591,0.0094742,0.0019211,0.0021103,0.0062013,-0.0018365,-0.02119,0.033251,0.023544,0.017072,0.013909,0.0072327,0.0056243,0.012306,0.0085628,-0.014269,0.036148,0.02778,0.019617,0.017015,0.01263,0.012912,0.021624,0.01852,-0.0034829,-0.025212,-0.022513,0.035228,0.031678,0.024683,0.020161,0.015798,0.018651,0.028575,0.029114,0.014561,-0.0034001,0.036617,0.036581,0.031513,0.028954,0.024193,0.026591,0.036668,0.040458,0.037144,0.029513,0.014649,0.043637,0.043313,0.040462,0.04084,0.038974,0.042995,0.05122,0.052624,0.059069,0.061392,0.039892,0.054342,0.052028,0.054145,0.056413,0.055847,0.06008,0.065985,0.064268,0.077369,0.087121,0.059006,0.068616,0.065022,0.072723,0.076258,0.074414,0.075172,0.07622,0.074658,0.090626,0.099825,0.067604,0.076857,0.07593,0.085953,0.092733,0.09059,0.087338,0.084769,0.085358,0.098465,0.098031,0.075918,0.081036,0.093796,0.102,0.097402,0.091171,0.091328,0.096903,0.10374,0.089953,0.074884,0.08299,0.096221,0.10372,0.098198,0.093916,0.10031,0.10965,0.10774,0.082243,0.075682,0.080738,0.090192,0.096098,0.097876,0.10591,0.11718,0.12242,0.10873,0.07381,0.075679,0.082231,0.08894,0.1013,0.12371,0.13333,0.12563,0.071162,0.077018,0.083876,0.089737,0.10948,0.13801,0.13611,0.11199,0.073448,0.091977,0.1032,0.10329,0.11808,0.13884,0.12306,0.079847,0.11132,0.12638,0.1163,0.11484,0.12284,0.085124,0.11533,0.12521,0.10751,0.095848
1999,0.03295,0.036369,0.04964,0.058365,0.053831,0.038727,0.012273,-0.020389,-0.044871,-0.091362,-0.15194,0.03433,0.035849,0.044931,0.055333,0.061065,0.04863,0.017563,-0.00915,-0.029153,-0.083505,-0.16211,0.037189,0.039619,0.044403,0.050506,0.062961,0.059472,0.026543,-0.003566,-0.021788,-0.078294,-0.16805,0.037654,0.043205,0.049211,0.048001,0.060174,0.065438,0.036971,0.0011742,-0.018808,-0.071054,-0.16436,-0.19478,0.034704,0.042305,0.055728,0.051424,0.056999,0.06454,0.04211,0.0076124,-0.014161,-0.059103,-0.15109,-0.20138,0.034143,0.039389,0.060539,0.060452,0.056996,0.059028,0.041454,0.013727,-0.0067322,-0.045152,-0.12951,-0.19214,-0.19344,0.040684,0.040247,0.059999,0.06587,0.058904,0.051404,0.037602,0.016976,-0.00026041,-0.032538,-0.10198,-0.16694,-0.19429,0.052451,0.047076,0.058039,0.065121,0.061071,0.048046,0.033306,0.016333,0.0017325,-0.023432,-0.073237,-0.13452,-0.18987,0.061947,0.057253,0.058576,0.06377,0.065857,0.052749,0.033758,0.014587,-0.0015149,-0.018894,-0.049364,-0.1005,-0.1715,0.065677,0.065212,0.061504,0.06539,0.070844,0.060306,0.041829,0.017875,-0.005546,-0.018159,-0.037387,-0.074109,-0.14271,0.065528,0.070801,0.065013,0.065904,0.070757,0.064506,0.051112,0.026386,-0.0045681,-0.018473,-0.025468,-0.053458,-0.11432,0.063965,0.072015,0.070258,0.069936,0.070384,0.063754,0.053153,0.033517,0.00014093,-0.01845,-0.02243,-0.036441,-0.081033,0.062577,0.068205,0.071318,0.072006,0.065693,0.055124,0.045327,0.033233,0.0022054,-0.020377,-0.019391,-0.025022,-0.052485,0.061989,0.064168,0.066347,0.065116,0.054738,0.042381,0.032602,0.023787,-0.0017325,-0.023849,-0.023936,-0.032952,0.060035,0.062935,0.06018,0.053426,0.042059,0.031216,0.019354,0.0054864,-0.013863,-0.026215,-0.01764,-0.018635,0.055566,0.06088,0.055518,0.043083,0.030677,0.021719,0.005583,-0.01774,-0.032041,-0.029666,0.047222,0.054001,0.050566,0.035561,0.02046,0.010851,-0.0095602,-0.03899,-0.049621,-0.032337,0.038205,0.045905,0.04414,0.031032,0.012554,-0.001479,-0.022676,-0.05288,-0.065804,0.030917,0.038304,0.037077,0.028761,0.0097664,-0.0096029,-0.029363,-0.055859,-0.077142,0.029398,0.03148,0.029475,0.026067,0.012606,-0.0079153,-0.027492,-0.050265,-0.079577,0.033243,0.027895,0.022368,0.022978,0.016946,0.0014928,-0.01856,-0.040763,-0.06958,-0.094069,-0.086275,0.036023,0.027443,0.019115,0.0195,0.018045,0.010297,-0.0076957,-0.029048,-0.046625,-0.062499,0.036367,0.030058,0.022686,0.018428,0.01592,0.014105,0.00052505,-0.016063,-0.016716,-0.013667,-0.026335,0.038622,0.035847,0.031573,0.021921,0.016286,0.017019,0.0062265,-0.0037014,0.01113,0.027747,0.010224,0.043028,0.042345,0.040727,0.029125,0.021365,0.023551,0.014209,0.0083284,0.031261,0.052727,0.033978,0.045633,0.044819,0.045278,0.036733,0.027893,0.031081,0.025309,0.02149,0.043198,0.064542,0.045738,0.044395,0.043294,0.04621,0.042243,0.033409,0.034422,0.0333,0.032065,0.050032,0.063695,0.043275,0.043845,0.048869,0.047012,0.037496,0.034007,0.035386,0.039348,0.054314,0.054978,0.044577,0.048397,0.053806,0.050631,0.039232,0.033356,0.038549,0.050016,0.060254,0.047226,0.047551,0.05229,0.054812,0.049575,0.039824,0.040756,0.054065,0.068717,0.069785,0.048769,0.053552,0.052747,0.047891,0.046523,0.062391,0.080218,0.086919,0.047302,0.058416,0.058772,0.056684,0.066493,0.092438,0.10246,0.09229,0.047407,0.074503,0.084744,0.082916,0.092443,0.11453,0.11214,0.053137,0.10206,0.1254,0.11492,0.10752,0.11939,0.059728,0.11991,0.1506,0.12952,0.10652
2000,0.022748,0.01606,0.024075,0.020732,0.010378,0.0018401,-0.021449,-0.046746,-0.067452,-0.11546,-0.15742,0.026152,0.019804,0.025505,0.024457,0.01215,-0.00097862,-0.027563,-0.047022,-0.058512,-0.11525,-0.17342,0.034796,0.027607,0.028661,0.024617,0.01304,-0.0021585,-0.032804,-0.052297,-0.057723,-0.11342,-0.1878,0.045292,0.035774,0.033489,0.022645,0.012568,-0.0011058,-0.032091,-0.052534,-0.057888,-0.10929,-0.19349,-0.20847,0.058952,0.04491,0.03948,0.022764,0.009778,0.00086043,-0.026252,-0.044368,-0.052962,-0.10091,-0.18235,-0.21388,0.073274,0.054007,0.046209,0.028574,0.0095708,0.001325,-0.020758,-0.034023,-0.043202,-0.087907,-0.15775,-0.20778,-0.21012,0.086059,0.062043,0.050878,0.03798,0.016273,0.0025574,-0.017397,-0.027899,-0.03368,-0.072181,-0.12816,-0.18232,-0.21998,0.096097,0.070911,0.05296,0.044983,0.027249,0.0067806,-0.013343,-0.02516,-0.027589,-0.05793,-0.099087,-0.15448,-0.2186,0.099384,0.081511,0.055251,0.047157,0.037584,0.014549,-0.0077606,-0.021508,-0.025999,-0.047614,-0.079327,-0.1243,-0.20568,0.095019,0.087548,0.059619,0.046817,0.043297,0.023326,-0.00097076,-0.015971,-0.02702,-0.042684,-0.062128,-0.098411,-0.18096,0.088324,0.08439,0.062673,0.04734,0.043778,0.027668,0.0041005,-0.011333,-0.02897,-0.041622,-0.043342,-0.076893,-0.14675,0.083996,0.079104,0.062622,0.049676,0.043607,0.028296,0.0064603,-0.01017,-0.030388,-0.041319,-0.036049,-0.055658,-0.11118,0.081629,0.076434,0.065312,0.054077,0.046726,0.029337,0.008092,-0.010751,-0.031818,-0.038567,-0.038834,-0.035563,-0.074858,0.081058,0.074862,0.069912,0.061804,0.054128,0.036023,0.012163,-0.010948,-0.033119,-0.039367,-0.026996,-0.045208,0.079158,0.075402,0.071409,0.067783,0.062294,0.047634,0.019909,-0.01049,-0.03496,-0.036383,-0.016577,-0.019623,0.071732,0.075499,0.072697,0.068278,0.064794,0.056871,0.027963,-0.0095799,-0.035466,-0.020444,0.059373,0.068882,0.070763,0.067404,0.063547,0.059111,0.032112,-0.0088784,-0.033285,-0.015223,0.049192,0.058511,0.063831,0.06446,0.060844,0.057122,0.033836,-0.0054999,-0.032128,0.04626,0.052343,0.057401,0.06173,0.058436,0.054026,0.037921,0.0052782,-0.026721,0.048959,0.052071,0.05474,0.060903,0.058844,0.053057,0.045861,0.023659,-0.013913,0.055586,0.056106,0.055919,0.063409,0.063339,0.05648,0.055785,0.043459,0.0062119,-0.028331,-0.027791,0.057394,0.059355,0.0584,0.065637,0.067949,0.061886,0.063811,0.058329,0.029936,-0.00099877,0.051063,0.056262,0.058586,0.064403,0.067037,0.06538,0.068447,0.066533,0.052506,0.036106,0.023328,0.043937,0.053817,0.060414,0.065143,0.066636,0.069232,0.073908,0.072543,0.071262,0.068097,0.053188,0.038904,0.050764,0.064027,0.070999,0.073335,0.078218,0.082186,0.079312,0.085466,0.090595,0.072091,0.034814,0.042708,0.060152,0.073484,0.080507,0.087108,0.08794,0.084438,0.094398,0.10152,0.078025,0.032564,0.036229,0.051684,0.06869,0.079971,0.088757,0.090312,0.089357,0.099513,0.099934,0.031383,0.03536,0.048934,0.063979,0.072569,0.081462,0.088461,0.094293,0.10318,0.093182,0.030436,0.037777,0.049975,0.060051,0.06322,0.07086,0.08438,0.098873,0.10659,0.087063,0.028591,0.039612,0.049251,0.054509,0.056206,0.066274,0.087437,0.1059,0.10946,0.026376,0.036907,0.045138,0.049603,0.055856,0.076367,0.1002,0.11172,0.025966,0.034506,0.041683,0.047639,0.062947,0.092687,0.1093,0.10461,0.028194,0.042501,0.050578,0.055667,0.071722,0.098829,0.10467,0.035625,0.058332,0.070146,0.067444,0.072352,0.090375,0.046669,0.069423,0.081188,0.07058,0.064087
2001,0.0061931,0.00064742,0.0013475,-0.0047163,-0.017634,-0.034564,-0.049599,-0.067562,-0.088109,-0.1344,-0.17368,0.012189,0.0058219,0.011185,0.0081905,-0.0050259,-0.030022,-0.05575,-0.065764,-0.080482,-0.13798,-0.19483,0.023074,0.015838,0.019514,0.018936,0.0057017,-0.019146,-0.057337,-0.071739,-0.081799,-0.14249,-0.21731,0.032855,0.029666,0.029465,0.027758,0.017547,-0.0035917,-0.048051,-0.075705,-0.086927,-0.14543,-0.22934,-0.25358,0.040298,0.039541,0.041653,0.037924,0.030026,0.012576,-0.02942,-0.067223,-0.08484,-0.14014,-0.22343,-0.26912,0.050704,0.04546,0.051785,0.051018,0.042258,0.025407,-0.0086146,-0.044595,-0.067888,-0.12051,-0.19699,-0.25642,-0.28477,0.06355,0.052809,0.056819,0.062759,0.056258,0.036278,0.0090158,-0.017462,-0.040669,-0.087534,-0.15457,-0.22255,-0.27758,0.073671,0.062005,0.060127,0.068787,0.068807,0.048899,0.025241,0.0046838,-0.015081,-0.052311,-0.10623,-0.18012,-0.26281,0.078561,0.069887,0.064359,0.070895,0.076663,0.061187,0.040326,0.021884,0.0030637,-0.025165,-0.064516,-0.12876,-0.23673,0.079268,0.076353,0.06982,0.072882,0.079754,0.069426,0.05167,0.035022,0.01561,-0.0077026,-0.034002,-0.085286,-0.19525,0.077596,0.081536,0.077133,0.07667,0.079894,0.071722,0.056707,0.042477,0.022661,0.0019989,-0.013865,-0.050439,-0.13338,0.076296,0.083433,0.085047,0.08325,0.081719,0.07278,0.058448,0.046547,0.027378,0.0091494,-0.0037852,-0.022265,-0.071594,0.078986,0.083466,0.090378,0.092097,0.088956,0.078998,0.062672,0.05115,0.036477,0.018836,0.0089272,-0.002854,-0.026286,0.084426,0.086519,0.093525,0.099021,0.09946,0.091768,0.074104,0.06108,0.049922,0.030553,0.014527,8.78E-05,0.089088,0.091628,0.098359,0.10403,0.10782,0.10574,0.091058,0.077095,0.063241,0.040596,0.02751,0.020367,0.091163,0.095976,0.10347,0.11038,0.11479,0.11577,0.10578,0.091879,0.072284,0.048501,0.090437,0.09846,0.1067,0.11456,0.121,0.1219,0.11458,0.10051,0.075387,0.05333,0.089123,0.098901,0.10835,0.1166,0.12469,0.12454,0.12013,0.10668,0.075051,0.089827,0.098161,0.10634,0.11841,0.12702,0.12561,0.12499,0.11329,0.074042,0.091492,0.097183,0.10072,0.11679,0.12808,0.12615,0.12972,0.1205,0.075104,0.089368,0.094188,0.093512,0.11047,0.12455,0.12432,0.13161,0.12457,0.080086,0.033718,0.020205,0.08236,0.087448,0.086728,0.10026,0.11396,0.1182,0.12852,0.12385,0.089018,0.048239,0.072891,0.080557,0.082762,0.090715,0.099466,0.10808,0.12133,0.12095,0.10224,0.074023,0.039962,0.063317,0.073678,0.080054,0.083851,0.087289,0.098343,0.11397,0.11724,0.11649,0.10403,0.060502,0.056538,0.068257,0.077112,0.078204,0.080933,0.093309,0.10721,0.11078,0.12448,0.12761,0.077489,0.053568,0.061399,0.071943,0.07459,0.079237,0.0934,0.10115,0.10239,0.12437,0.13573,0.08587,0.049325,0.05396,0.064607,0.071933,0.078527,0.09339,0.097645,0.097176,0.11988,0.12743,0.043701,0.050784,0.063741,0.073542,0.077849,0.088372,0.095388,0.098673,0.1143,0.11039,0.036707,0.04717,0.064852,0.076407,0.074548,0.08057,0.093721,0.10379,0.11076,0.095047,0.024708,0.036573,0.05577,0.070676,0.070746,0.079424,0.097881,0.11021,0.10988,0.0087328,0.020055,0.039019,0.056147,0.066235,0.086251,0.10597,0.11153,-0.006393,0.0069759,0.024989,0.042396,0.064196,0.095137,0.10834,0.10106,-0.013776,0.0068883,0.025189,0.041604,0.065371,0.096323,0.10128,-0.0086321,0.017328,0.036592,0.046017,0.060382,0.084155,0.0061076,0.031538,0.044259,0.043867,0.047646
2002,0.023205,0.019985,0.027418,0.022572,0.019072,0.012545,-0.008137,-0.024041,-0.036812,-0.069002,-0.090069,0.023643,0.017565,0.023558,0.020512,0.016565,0.0045099,-0.024892,-0.03494,-0.033986,-0.071845,-0.11069,0.028314,0.021214,0.02289,0.017943,0.01295,0.00033439,-0.036332,-0.05048,-0.040172,-0.07555,-0.1252,0.03274,0.027393,0.025484,0.01425,0.0075854,-0.00036775,-0.035373,-0.056788,-0.046443,-0.076988,-0.13308,-0.11929,0.035246,0.03163,0.029288,0.013784,0.0034493,0.00052672,-0.02346,-0.047702,-0.044947,-0.073854,-0.13191,-0.13615,0.036456,0.031729,0.02898,0.015804,0.0029732,0.0017065,-0.0084338,-0.029802,-0.037279,-0.067206,-0.12262,-0.14334,-0.1327,0.036343,0.031283,0.028013,0.018478,0.0085035,0.0031487,-0.0014678,-0.018074,-0.032566,-0.062545,-0.1139,-0.14091,-0.14974,0.034276,0.031545,0.027335,0.020109,0.015578,0.0073558,-0.0029974,-0.01909,-0.037771,-0.062942,-0.097304,-0.12908,-0.15602,0.030773,0.032538,0.027944,0.021004,0.019472,0.013085,-0.0071036,-0.028818,-0.051171,-0.066694,-0.076606,-0.10518,-0.15169,0.026723,0.033618,0.029907,0.024071,0.021952,0.016512,-0.009139,-0.038931,-0.065764,-0.073723,-0.066038,-0.083619,-0.13269,0.02335,0.031432,0.030068,0.027104,0.024917,0.016279,-0.0069721,-0.040952,-0.071979,-0.075491,-0.059059,-0.064194,-0.10547,0.020561,0.025621,0.028358,0.029429,0.028155,0.01791,-0.00049838,-0.031613,-0.065403,-0.074435,-0.055781,-0.048475,-0.073662,0.022714,0.022032,0.028631,0.03362,0.032393,0.024354,0.009796,-0.015289,-0.047926,-0.067832,-0.048114,-0.03509,-0.047746,0.030656,0.024737,0.030547,0.038304,0.038261,0.033615,0.02362,0.00060683,-0.028819,-0.052663,-0.036845,-0.026418,0.03819,0.029621,0.032333,0.039755,0.043977,0.042941,0.036658,0.010806,-0.019536,-0.037713,-0.024797,-0.010684,0.043591,0.036476,0.034133,0.037888,0.04526,0.048709,0.043873,0.015257,-0.019722,-0.027657,0.046554,0.043641,0.039109,0.037268,0.041873,0.047806,0.044113,0.01527,-0.02239,-0.025965,0.047915,0.045725,0.043855,0.041306,0.040069,0.043966,0.040788,0.014734,-0.02345,0.050271,0.051153,0.047882,0.048319,0.044115,0.042091,0.038654,0.018142,-0.020204,0.052978,0.058826,0.055418,0.054904,0.050162,0.043391,0.040717,0.02577,-0.013327,0.058877,0.062899,0.061847,0.059575,0.054997,0.048523,0.047411,0.03591,-0.0014456,-0.033919,-0.031973,0.062767,0.067202,0.065118,0.063758,0.057325,0.053703,0.055072,0.04662,0.017276,-0.011304,0.062567,0.071362,0.070339,0.068491,0.058757,0.056184,0.059847,0.055657,0.040069,0.023755,0.0036572,0.064,0.071962,0.073368,0.069232,0.060272,0.058523,0.063359,0.063406,0.063951,0.06152,0.032797,0.062926,0.068954,0.07217,0.065946,0.059528,0.060945,0.066422,0.069718,0.083535,0.089547,0.054118,0.057202,0.060433,0.067698,0.065499,0.060548,0.063489,0.0671,0.071552,0.091277,0.098759,0.062208,0.04992,0.05108,0.061913,0.066528,0.061669,0.062789,0.064836,0.069005,0.08776,0.090571,0.044322,0.046491,0.058051,0.065654,0.058079,0.055856,0.060011,0.066649,0.080503,0.076272,0.041761,0.044718,0.055152,0.060235,0.051121,0.048389,0.056864,0.068132,0.076201,0.064876,0.039969,0.043004,0.049858,0.051413,0.043611,0.045936,0.060889,0.075053,0.077095,0.035265,0.038893,0.041634,0.041426,0.04034,0.052563,0.071485,0.081385,0.0259,0.034326,0.037143,0.036157,0.04544,0.069285,0.08338,0.08092,0.013362,0.035033,0.046663,0.048413,0.061473,0.08562,0.089752,0.013663,0.051103,0.072665,0.072408,0.076185,0.091248,0.03497,0.076643,0.094328,0.081793,0.073072
2003,-0.014289,-0.019978,-0.015602,-0.013534,-0.017257,-0.021756,-0.034623,-0.044295,-0.051254,-0.079692,-0.11266,-0.01239,-0.019359,-0.013995,-0.0073212,-0.0080012,-0.019521,-0.039507,-0.047111,-0.049523,-0.086405,-0.13445,-0.0060227,-0.011263,-0.010708,-0.0076271,-0.0057341,-0.015947,-0.040455,-0.05342,-0.052616,-0.091998,-0.15281,0.001472,0.00074417,-0.00055677,-0.007954,-0.00949,-0.01564,-0.037464,-0.05552,-0.057278,-0.095411,-0.16304,-0.16617,0.0076538,0.0085872,0.011964,-0.0032879,-0.012445,-0.016286,-0.033587,-0.052799,-0.05995,-0.094607,-0.16165,-0.18311,0.011561,0.011081,0.019059,0.0057813,-0.012256,-0.015349,-0.029612,-0.048429,-0.059108,-0.089393,-0.14973,-0.19116,-0.19891,0.013769,0.01187,0.020137,0.014592,-0.0060465,-0.014744,-0.027535,-0.045349,-0.058119,-0.082643,-0.13058,-0.18369,-0.20551,0.016657,0.014511,0.01742,0.017146,0.0012609,-0.014443,-0.029375,-0.045731,-0.060338,-0.077813,-0.10877,-0.16318,-0.21143,0.019415,0.01991,0.015184,0.013935,0.0038199,-0.01458,-0.03324,-0.04871,-0.065425,-0.076681,-0.092497,-0.13808,-0.19915,0.019125,0.02506,0.016203,0.010969,0.0033467,-0.013933,-0.035001,-0.05182,-0.0709,-0.079045,-0.08005,-0.10933,-0.16655,0.015506,0.025111,0.017742,0.0098703,0.0040684,-0.010775,-0.031653,-0.05256,-0.073903,-0.082143,-0.0768,-0.086794,-0.14029,0.011095,0.019551,0.017018,0.010877,0.0057173,-0.0061766,-0.024502,-0.048317,-0.071935,-0.08342,-0.07685,-0.072057,-0.098676,0.010113,0.014258,0.015969,0.014167,0.0087675,-0.0025536,-0.018296,-0.039522,-0.063419,-0.079041,-0.07682,-0.056616,-0.062946,0.011621,0.013817,0.017882,0.018224,0.013072,0.00085753,-0.013833,-0.03011,-0.050597,-0.06849,-0.068457,-0.036726,0.012692,0.013278,0.019278,0.01903,0.014482,0.004182,-0.0087318,-0.022111,-0.03799,-0.052764,-0.049562,-0.017175,0.021413,0.014181,0.017427,0.016214,0.01283,0.0082188,-0.001809,-0.01427,-0.026733,-0.034657,0.037063,0.021677,0.019643,0.018341,0.015606,0.01552,0.0079821,-0.0051958,-0.016431,-0.018395,0.053073,0.036543,0.030383,0.02801,0.024419,0.024331,0.018695,0.0052297,-0.0081288,0.071207,0.053829,0.042961,0.040375,0.035587,0.033031,0.029636,0.017882,-0.0019479,0.089386,0.073984,0.060768,0.057517,0.050312,0.043396,0.041403,0.030203,0.0050442,0.10123,0.089286,0.077509,0.07641,0.067858,0.056037,0.051644,0.040295,0.015258,-0.011309,-0.019289,0.10511,0.099316,0.088753,0.087363,0.081037,0.069233,0.060196,0.047396,0.029236,0.0069615,0.10286,0.10599,0.099322,0.09178,0.084088,0.077264,0.065352,0.051091,0.044535,0.034429,0.0092646,0.099123,0.10699,0.107,0.096691,0.083513,0.077421,0.065706,0.052646,0.058094,0.062042,0.031626,0.095697,0.1021,0.1079,0.1021,0.087026,0.079936,0.067052,0.053939,0.067535,0.081321,0.047407,0.093016,0.096326,0.10424,0.10523,0.093461,0.087561,0.074183,0.058121,0.071231,0.085213,0.052333,0.090375,0.092955,0.10289,0.10803,0.098876,0.092367,0.081759,0.064106,0.069177,0.074564,0.088894,0.093072,0.10674,0.11277,0.099855,0.088838,0.083965,0.071128,0.066068,0.059128,0.090958,0.095944,0.10901,0.11389,0.097581,0.084553,0.084376,0.078912,0.067423,0.049743,0.092001,0.096631,0.10391,0.10812,0.097741,0.090239,0.09275,0.088689,0.074467,0.084713,0.089342,0.093258,0.09849,0.10256,0.10892,0.11203,0.10137,0.070794,0.078693,0.085835,0.094803,0.11179,0.13095,0.12911,0.10724,0.060462,0.07602,0.091488,0.10259,0.11868,0.13671,0.12792,0.061762,0.088224,0.10733,0.10921,0.11148,0.12025,0.068169,0.09746,0.11055,0.09843,0.088977
2004,0.0074473,0.014898,0.038501,0.051268,0.047253,0.040163,0.027315,0.008994,-0.013839,-0.063836,-0.11182,0.01569,0.016736,0.03622,0.05226,0.054181,0.048309,0.030455,0.011742,-0.004592,-0.060142,-0.12383,0.024828,0.023102,0.033249,0.046519,0.057178,0.059759,0.039496,0.014159,-0.00026593,-0.052812,-0.12633,0.030689,0.031447,0.034306,0.039027,0.055288,0.067524,0.050775,0.020061,0.0043122,-0.041591,-0.11798,-0.14155,0.034301,0.037592,0.041727,0.038413,0.050494,0.066699,0.056521,0.02837,0.011498,-0.027035,-0.098184,-0.1408,0.041303,0.043673,0.051909,0.049026,0.048629,0.060279,0.055895,0.035491,0.020198,-0.013089,-0.072122,-0.12781,-0.17239,0.052468,0.053638,0.062964,0.064603,0.056706,0.055501,0.051268,0.038053,0.026273,-0.002363,-0.047051,-0.1065,-0.16272,0.063695,0.066852,0.072658,0.075816,0.069736,0.056342,0.045345,0.035004,0.024772,0.00122,-0.029059,-0.085498,-0.16062,0.070894,0.077242,0.078783,0.079879,0.078053,0.059938,0.04101,0.028461,0.014821,-0.0048968,-0.02006,-0.067191,-0.14565,0.071309,0.082002,0.082624,0.081674,0.082518,0.06517,0.041253,0.022023,0.00084236,-0.017157,-0.024738,-0.05201,-0.12524,0.066561,0.081317,0.084614,0.083656,0.084793,0.069765,0.043259,0.01805,-0.0096672,-0.028159,-0.031969,-0.043275,-0.099294,0.060209,0.074551,0.081802,0.083493,0.082952,0.067919,0.042088,0.016393,-0.012584,-0.034434,-0.040255,-0.040356,-0.07465,0.053358,0.063367,0.074325,0.07986,0.078044,0.060937,0.037079,0.01604,-0.0093895,-0.035549,-0.046155,-0.036306,-0.053217,0.04697,0.052242,0.063921,0.072297,0.071489,0.054576,0.031966,0.014182,-0.0074306,-0.03095,-0.041045,-0.035741,0.040767,0.043889,0.0537,0.062901,0.064985,0.05153,0.029805,0.010147,-0.010038,-0.025518,-0.025411,-0.019061,0.033222,0.037391,0.045294,0.05348,0.057629,0.050102,0.029933,0.0061736,-0.014115,-0.02173,0.024668,0.031573,0.038243,0.044236,0.048512,0.04561,0.026754,0.0010827,-0.018181,-0.01988,0.016558,0.025722,0.032146,0.036603,0.039792,0.037802,0.019668,-0.0052247,-0.023407,0.012069,0.020782,0.026068,0.031803,0.033948,0.030345,0.014015,-0.0086679,-0.029506,0.012309,0.017725,0.020162,0.026875,0.030069,0.026023,0.013156,-0.0065455,-0.032723,0.015727,0.015237,0.01426,0.018474,0.024073,0.025131,0.016167,-0.0010792,-0.02825,-0.063614,-0.065681,0.018617,0.014521,0.0090445,0.0093578,0.016011,0.025271,0.020667,0.005686,-0.015318,-0.045809,0.016578,0.016058,0.0092167,0.0048023,0.010269,0.024483,0.025238,0.013304,0.004689,-0.0090785,-0.031821,0.013741,0.018135,0.017042,0.0088875,0.010208,0.024871,0.030588,0.021916,0.026453,0.030969,0.0053953,0.013653,0.019271,0.027365,0.022293,0.017909,0.0301,0.037475,0.031039,0.043458,0.061383,0.036518,0.01334,0.015241,0.029834,0.034315,0.030362,0.04047,0.046154,0.040159,0.055226,0.07728,0.054451,0.016704,0.012875,0.026668,0.039451,0.041854,0.05072,0.053814,0.049739,0.064563,0.08012,0.017224,0.014814,0.02913,0.045976,0.049269,0.054097,0.058553,0.059919,0.07167,0.076345,0.021506,0.019538,0.0338,0.051993,0.05227,0.052441,0.062086,0.071682,0.079636,0.073708,0.029638,0.027118,0.034786,0.050475,0.054737,0.057579,0.07143,0.085174,0.088411,0.032663,0.030809,0.0323,0.043596,0.056689,0.072112,0.088942,0.097353,0.029294,0.03102,0.031297,0.040177,0.062117,0.090747,0.1065,0.10146,0.024103,0.037213,0.041054,0.04647,0.067718,0.09992,0.11028,0.027368,0.051951,0.061382,0.058216,0.067534,0.091432,0.042454,0.066982,0.076155,0.063836,0.060095
2005,-0.0073369,-0.0041775,0.010605,0.01352,0.01219,0.011028,0.00025765,-0.013996,-0.032307,-0.087868,-0.14435,-0.0060183,-0.0051116,0.0071971,0.015377,0.023377,0.019694,-0.0016163,-0.012253,-0.02227,-0.086193,-0.16068,0.001008,0.00029105,0.0078295,0.012466,0.023121,0.023555,-0.0015769,-0.01852,-0.024874,-0.088229,-0.17669,0.008774,0.0091313,0.013817,0.010457,0.017556,0.022827,0.001403,-0.021321,-0.031044,-0.090119,-0.18217,-0.19268,0.014647,0.017406,0.024013,0.015276,0.013587,0.018724,0.0040596,-0.0179,-0.032924,-0.08711,-0.17282,-0.21088,0.020413,0.020923,0.031432,0.024673,0.013377,0.014335,0.0055106,-0.011506,-0.028199,-0.077652,-0.15114,-0.20767,-0.21832,0.0264,0.023757,0.032623,0.030787,0.016273,0.011549,0.0056752,-0.0068745,-0.022185,-0.064451,-0.12295,-0.18391,-0.21619,0.029997,0.028939,0.032666,0.033887,0.021558,0.011915,0.0035466,-0.0073515,-0.02055,-0.053023,-0.093871,-0.15251,-0.20132,0.031292,0.035711,0.034664,0.035938,0.028227,0.016053,0.0025371,-0.010861,-0.024073,-0.046352,-0.067602,-0.11287,-0.17069,0.03426,0.04278,0.0416,0.040954,0.036945,0.024113,0.0075042,-0.011166,-0.027828,-0.041681,-0.048262,-0.074639,-0.13036,0.040971,0.051379,0.053922,0.053204,0.049843,0.03613,0.016963,-0.0047381,-0.024563,-0.034324,-0.035201,-0.050004,-0.098302,0.051215,0.06226,0.068036,0.068357,0.06387,0.049669,0.029495,0.0082765,-0.012669,-0.022484,-0.023016,-0.029577,-0.055113,0.061957,0.072943,0.08112,0.083284,0.077039,0.060913,0.042097,0.026382,0.008315,-0.0066118,-0.010216,-0.0059934,-0.023168,0.066796,0.079143,0.089121,0.095253,0.088805,0.070226,0.052412,0.043289,0.02936,0.010383,0.0029034,-0.0057266,0.064862,0.079853,0.091821,0.099931,0.097368,0.083078,0.063856,0.052502,0.038414,0.021534,0.014788,0.012307,0.058751,0.076218,0.090951,0.099378,0.10107,0.095529,0.076593,0.056629,0.037223,0.024939,0.053616,0.072793,0.08954,0.098166,0.10042,0.097945,0.082664,0.057248,0.03168,0.021328,0.051304,0.06909,0.087624,0.098642,0.10043,0.09416,0.079917,0.053317,0.022719,0.051658,0.064514,0.081762,0.097598,0.1021,0.091837,0.074473,0.047578,0.013044,0.059183,0.064403,0.075558,0.094414,0.1036,0.092964,0.073685,0.046748,0.008226,0.066571,0.065416,0.067755,0.087367,0.10226,0.09661,0.080063,0.053501,0.013186,-0.027433,-0.033861,0.065597,0.065106,0.064346,0.080727,0.09685,0.098428,0.088435,0.064887,0.027698,-0.013967,0.061826,0.063992,0.064781,0.075023,0.0873,0.095822,0.094573,0.077833,0.051452,0.016416,-0.012619,0.059629,0.062636,0.064211,0.067784,0.075955,0.091844,0.098472,0.088742,0.077767,0.054242,0.01696,0.057596,0.059239,0.061383,0.060574,0.065735,0.086864,0.099299,0.093255,0.095194,0.085296,0.04285,0.052528,0.051277,0.052995,0.050602,0.054042,0.077743,0.092901,0.089079,0.098807,0.098394,0.056809,0.040863,0.04015,0.042715,0.040366,0.041863,0.062178,0.07686,0.077525,0.090412,0.094803,0.023574,0.026908,0.03478,0.035532,0.033511,0.04468,0.057008,0.063956,0.07804,0.083661,0.011401,0.015715,0.027235,0.030623,0.024217,0.028116,0.042187,0.056975,0.070382,0.072536,0.0066911,0.009651,0.018198,0.022586,0.015096,0.017235,0.037534,0.059052,0.070534,0.0018663,0.0037137,0.0081544,0.014054,0.013458,0.02195,0.044977,0.06458,-0.008264,-0.0049892,-0.000823,0.0096583,0.023101,0.043118,0.060894,0.065708,-0.01925,-0.0080489,0.00074123,0.015179,0.035905,0.062756,0.075184,-0.016842,0.0032093,0.016994,0.025746,0.040113,0.066605,0.0027609,0.023687,0.035426,0.0335,0.036017
2006,0.055159,0.044614,0.037603,0.022013,-0.00070446,-0.017911,-0.026574,-0.034218,-0.041993,-0.075711,-0.11513,0.052554,0.044748,0.039255,0.024857,0.0049459,-0.013328,-0.032897,-0.039846,-0.040154,-0.079423,-0.13491,0.048948,0.046713,0.042632,0.027857,0.012073,-0.0031402,-0.031782,-0.04785,-0.046145,-0.084705,-0.15271,0.045029,0.049022,0.048571,0.033524,0.020559,0.0083152,-0.023545,-0.049838,-0.050795,-0.087096,-0.16318,-0.17474,0.039659,0.048566,0.055199,0.042819,0.028905,0.018535,-0.013485,-0.04594,-0.051994,-0.085809,-0.16267,-0.19575,0.033348,0.042457,0.05625,0.051476,0.036555,0.023981,-0.0085834,-0.042256,-0.053026,-0.082743,-0.14942,-0.19176,-0.20989,0.028481,0.03519,0.051233,0.05471,0.041291,0.024535,-0.0096931,-0.043999,-0.05671,-0.079618,-0.12667,-0.1665,-0.20666,0.027056,0.031574,0.043473,0.051455,0.043074,0.02267,-0.012729,-0.04893,-0.062491,-0.076224,-0.10069,-0.14096,-0.1905,0.028169,0.034217,0.037999,0.045737,0.043199,0.021765,-0.012228,-0.049872,-0.067695,-0.073943,-0.078562,-0.10472,-0.1661,0.02778,0.037605,0.037451,0.041406,0.042278,0.022513,-0.0077778,-0.044586,-0.069618,-0.073985,-0.060961,-0.075427,-0.13877,0.026511,0.036997,0.039499,0.041128,0.042856,0.025646,-0.0031426,-0.036532,-0.06697,-0.0747,-0.048143,-0.052808,-0.10948,0.025949,0.033043,0.040976,0.043957,0.044947,0.029378,0.0010146,-0.028508,-0.061581,-0.0734,-0.045006,-0.036727,-0.078501,0.02684,0.028779,0.039298,0.045346,0.044845,0.029139,0.0038778,-0.023291,-0.056164,-0.066588,-0.036122,-0.022635,-0.050677,0.029755,0.027282,0.037011,0.044758,0.041927,0.026006,0.0045774,-0.022338,-0.05221,-0.058571,-0.026806,-0.029742,0.033832,0.028551,0.035088,0.042258,0.040023,0.025254,0.004558,-0.02476,-0.050892,-0.045074,-0.0095758,-0.0080762,0.036624,0.030621,0.032184,0.037011,0.039518,0.030185,0.0065954,-0.028177,-0.051621,-0.043026,0.035516,0.031034,0.02901,0.029733,0.035963,0.033982,0.0094481,-0.028903,-0.052186,-0.043097,0.03166,0.02834,0.025858,0.02446,0.029207,0.029475,0.008691,-0.026028,-0.050123,0.027265,0.024494,0.022039,0.02097,0.022128,0.021988,0.0063882,-0.019648,-0.04569,0.025344,0.021495,0.018424,0.017949,0.017243,0.016124,0.009063,-0.0086241,-0.038018,0.026558,0.02165,0.015772,0.015423,0.015607,0.015166,0.0152,0.0050679,-0.023853,-0.054681,-0.055297,0.026264,0.024706,0.01677,0.012673,0.012776,0.017394,0.021779,0.017531,-0.0036164,-0.030815,0.0226,0.026665,0.022859,0.013866,0.0098455,0.017934,0.026565,0.027824,0.019917,0.0080199,-0.010148,0.017119,0.027103,0.031181,0.020565,0.013069,0.020183,0.028603,0.035257,0.043834,0.049204,0.026883,0.011165,0.022519,0.032841,0.026183,0.019254,0.027137,0.033008,0.040252,0.06204,0.081509,0.057347,0.0084224,0.012979,0.026746,0.029054,0.025854,0.035328,0.039929,0.045952,0.072905,0.097077,0.073208,0.0088978,0.0078331,0.022355,0.033596,0.033598,0.040252,0.045284,0.051933,0.078262,0.094477,0.0095547,0.009516,0.025192,0.039308,0.04119,0.044496,0.0508,0.060948,0.080928,0.083803,0.015844,0.018396,0.032844,0.042982,0.043467,0.048666,0.058577,0.073418,0.08431,0.074185,0.023128,0.026371,0.03634,0.044085,0.04468,0.054902,0.072028,0.087787,0.089976,0.022787,0.025752,0.031375,0.040609,0.050197,0.068507,0.089071,0.097736,0.017556,0.022352,0.028512,0.038723,0.058211,0.084773,0.10068,0.096179,0.019477,0.02846,0.037291,0.049528,0.068014,0.093195,0.10162,0.037311,0.058022,0.064034,0.066647,0.076316,0.090569,0.059234,0.088248,0.090803,0.077694,0.074122
2007,-0.010772,-0.013756,-0.0057284,-0.0041655,-0.0088722,-0.0037517,0.006946,0.016259,0.018518,-0.015275,-0.065957,0.00074615,-0.0038865,0.0027701,0.0031364,-0.0043078,-0.0055797,-0.0014286,0.0078121,0.015111,-0.018611,-0.074389,0.010883,0.007235,0.011307,0.0089668,0.0038404,-0.0017191,-0.0075413,-0.0043736,0.0042,-0.024655,-0.08225,0.016695,0.015661,0.020437,0.014469,0.01188,0.0069008,-0.0056033,-0.011274,-0.005639,-0.029739,-0.085541,-0.097025,0.018221,0.018283,0.025944,0.021008,0.016688,0.013605,0.00086828,-0.01107,-0.010973,-0.031622,-0.081705,-0.10167,0.019378,0.017585,0.027277,0.026042,0.020388,0.015401,0.0042337,-0.0094392,-0.013518,-0.031664,-0.073071,-0.1003,-0.10504,0.024591,0.017885,0.02682,0.028154,0.020705,0.01247,0.0022434,-0.010316,-0.017693,-0.033874,-0.064162,-0.090436,-0.10546,0.033811,0.022734,0.025175,0.027669,0.018615,0.0074104,-0.0030233,-0.015381,-0.027461,-0.041402,-0.056104,-0.078567,-0.10519,0.041477,0.032296,0.024729,0.024935,0.018653,0.0045858,-0.010619,-0.024264,-0.040716,-0.050004,-0.050352,-0.06328,-0.10128,0.043193,0.039326,0.026572,0.02126,0.018726,0.004476,-0.017304,-0.033415,-0.051626,-0.054705,-0.043443,-0.049338,-0.090691,0.03976,0.038755,0.027648,0.019316,0.015901,0.0019607,-0.022156,-0.03981,-0.057929,-0.057945,-0.037634,-0.037899,-0.071955,0.03407,0.031745,0.026958,0.021185,0.012217,-0.0040783,-0.025919,-0.043947,-0.061703,-0.058672,-0.035848,-0.030862,-0.050404,0.030217,0.024828,0.027513,0.025938,0.01352,-0.0074149,-0.028826,-0.046911,-0.064845,-0.062806,-0.039508,-0.027977,-0.032841,0.030711,0.025121,0.031648,0.031572,0.01802,-0.0047489,-0.030569,-0.051003,-0.068737,-0.069505,-0.041759,-0.019942,0.03566,0.031538,0.03485,0.036096,0.02378,0.0033552,-0.029767,-0.05911,-0.078223,-0.07249,-0.038909,-0.012165,0.042658,0.038808,0.035024,0.036049,0.026719,0.010494,-0.026711,-0.068189,-0.085475,-0.073159,0.047195,0.043396,0.036805,0.032419,0.022815,0.0089457,-0.024506,-0.070864,-0.093156,-0.077393,0.049707,0.04543,0.039286,0.029428,0.01617,0.001487,-0.02575,-0.06785,-0.092704,0.053629,0.04652,0.040849,0.030029,0.013236,-0.0050371,-0.027523,-0.061513,-0.093067,0.062594,0.048456,0.041292,0.032752,0.014431,-0.0067388,-0.026015,-0.051359,-0.089473,0.0712,0.051417,0.039893,0.034229,0.017641,-0.002965,-0.021148,-0.040343,-0.078568,-0.11733,-0.1184,0.077672,0.057804,0.041707,0.035633,0.021635,0.0045532,-0.01261,-0.030083,-0.057917,-0.093081,0.080886,0.068053,0.053404,0.042683,0.028163,0.015376,0.0015137,-0.015905,-0.02879,-0.04541,-0.07172,0.080317,0.076893,0.070778,0.056499,0.040159,0.030056,0.01959,0.0049492,0.0053334,0.0067499,-0.027113,0.080722,0.081885,0.083454,0.072589,0.055099,0.046596,0.037782,0.027531,0.038096,0.051663,0.01314,0.083988,0.083019,0.086791,0.083286,0.070691,0.063129,0.052898,0.046086,0.063921,0.080312,0.03921,0.08205,0.080878,0.085938,0.089013,0.081119,0.07378,0.065308,0.059838,0.078322,0.086973,0.073792,0.078187,0.087141,0.093153,0.085716,0.075665,0.072635,0.07141,0.082752,0.078422,0.065587,0.077927,0.089707,0.094312,0.086639,0.077673,0.080119,0.08548,0.087491,0.068722,0.05595,0.073805,0.085392,0.090486,0.084923,0.084948,0.095143,0.105,0.098501,0.042551,0.059664,0.069958,0.079313,0.085201,0.098551,0.11644,0.12283,0.026886,0.042537,0.054373,0.067043,0.087939,0.11587,0.13401,0.1286,0.015726,0.036689,0.052714,0.065213,0.091398,0.12749,0.13972,0.0099537,0.044846,0.068321,0.073201,0.087759,0.12218,0.01497,0.055834,0.082798,0.081489,0.079787
2008,0.017282,0.0015385,0.0012053,0.0035064,0.0029559,0.0038025,0.00026777,0.00017567,-0.0049299,-0.037351,-0.080875,0.023703,0.01021,0.0063683,0.0080131,0.0060426,0.005709,-0.0016395,-0.0023646,-0.010152,-0.049105,-0.10084,0.026891,0.016793,0.011353,0.0077926,0.0050515,0.0066179,-0.0016252,-0.010703,-0.023738,-0.066842,-0.12434,0.030954,0.022796,0.018275,0.0092531,0.0052729,0.0084256,0.001625,-0.016735,-0.034305,-0.082377,-0.14169,-0.12978,0.037026,0.030432,0.02829,0.019354,0.012172,0.013035,0.0051642,-0.015381,-0.036076,-0.086557,-0.14523,-0.14692,0.047714,0.036932,0.035627,0.033166,0.025281,0.018798,0.0063265,-0.011103,-0.03247,-0.080058,-0.13567,-0.14819,-0.13398,0.062632,0.045437,0.040092,0.040173,0.036458,0.02262,0.0037364,-0.011521,-0.029874,-0.070018,-0.1213,-0.13938,-0.14132,0.078948,0.060408,0.047946,0.042193,0.038546,0.022958,-2.80E-05,-0.016244,-0.03046,-0.061367,-0.10381,-0.12602,-0.14778,0.091003,0.080052,0.060695,0.048266,0.038573,0.020859,-0.0019964,-0.019254,-0.034133,-0.059079,-0.08637,-0.10849,-0.14373,0.096307,0.098629,0.076248,0.057293,0.043264,0.022121,-0.00016496,-0.020224,-0.040184,-0.064523,-0.072818,-0.090045,-0.13079,0.096815,0.10634,0.091969,0.06911,0.050256,0.026579,0.0037263,-0.021512,-0.046293,-0.06817,-0.062583,-0.072757,-0.11087,0.095765,0.10307,0.099679,0.083111,0.059504,0.031019,0.0054237,-0.02292,-0.049812,-0.071484,-0.056635,-0.057355,-0.084497,0.095216,0.0977,0.097865,0.090677,0.069325,0.03711,0.0074921,-0.02359,-0.051269,-0.068575,-0.051924,-0.044554,-0.059936,0.093362,0.093808,0.093246,0.089061,0.07493,0.045599,0.012601,-0.022973,-0.04929,-0.060147,-0.041779,-0.038718,0.088759,0.089633,0.088234,0.083958,0.074673,0.053278,0.01932,-0.022071,-0.049603,-0.051683,-0.030056,-0.021521,0.0811,0.085043,0.083419,0.079911,0.074767,0.060899,0.027696,-0.020655,-0.051744,-0.044374,0.071429,0.080009,0.080561,0.07745,0.075278,0.066813,0.035105,-0.016448,-0.050972,-0.0427,0.063922,0.074508,0.076958,0.076292,0.073337,0.066238,0.038244,-0.0082557,-0.045402,0.060372,0.070792,0.070951,0.074512,0.072951,0.063901,0.041357,0.0053077,-0.034224,0.061638,0.069263,0.066814,0.071341,0.073499,0.064331,0.049712,0.025123,-0.016428,0.065914,0.069685,0.066653,0.069277,0.072767,0.065372,0.05865,0.045323,0.0070669,-0.026638,-0.03017,0.069606,0.070637,0.067954,0.069689,0.072153,0.066141,0.065237,0.061244,0.033745,0.0014717,0.072063,0.072512,0.070296,0.070448,0.0696,0.067856,0.070354,0.070362,0.058478,0.040191,0.015182,0.072879,0.076282,0.074199,0.071004,0.066499,0.069248,0.073158,0.07333,0.077034,0.077326,0.044758,0.070594,0.077701,0.077782,0.071569,0.066171,0.07224,0.075224,0.073747,0.088096,0.10097,0.065383,0.063001,0.071556,0.076903,0.069872,0.066942,0.077084,0.078421,0.074461,0.091991,0.10688,0.071329,0.051162,0.059033,0.069347,0.067741,0.065424,0.076877,0.07877,0.073825,0.090648,0.099048,0.037664,0.04654,0.059601,0.066345,0.062016,0.069841,0.075362,0.075925,0.089094,0.085063,0.026768,0.038322,0.05469,0.064343,0.058121,0.061227,0.073333,0.08503,0.090476,0.071774,0.018319,0.03177,0.050408,0.060043,0.055718,0.060218,0.080066,0.097132,0.092381,0.0092631,0.020974,0.038853,0.050376,0.056385,0.073848,0.098602,0.10479,-0.0025762,0.0087096,0.023525,0.038077,0.058096,0.0927,0.11521,0.10265,-0.017178,0.003453,0.020105,0.036293,0.061636,0.098318,0.11302,-0.019878,0.013381,0.035378,0.04736,0.062756,0.088155,0.0056704,0.039963,0.058775,0.05898,0.059472
2009,0.023351,0.0021574,-0.0053314,-0.012086,-0.010921,0.0012101,0.0051751,0.011204,0.011976,-0.02121,-0.070997,0.033887,0.011337,-0.0010115,-0.010002,-0.014593,-0.013924,-0.015915,-0.0074122,0.00030162,-0.033968,-0.088256,0.038503,0.022369,0.0057106,-0.011209,-0.015633,-0.01801,-0.029623,-0.027333,-0.021283,-0.052121,-0.1092,0.040244,0.026497,0.012584,-0.0071687,-0.012823,-0.015615,-0.033046,-0.039993,-0.038173,-0.067275,-0.12365,-0.11342,0.042141,0.029146,0.017943,0.0028754,-0.003417,-0.008739,-0.030606,-0.043383,-0.043859,-0.07294,-0.12766,-0.12957,0.042203,0.031571,0.022582,0.011745,0.0049955,-0.0011817,-0.023404,-0.037883,-0.038122,-0.067379,-0.11855,-0.13336,-0.11419,0.045059,0.033746,0.025252,0.016524,0.011337,0.0038227,-0.014327,-0.027154,-0.02973,-0.055305,-0.10255,-0.1249,-0.12734,0.049313,0.040766,0.028263,0.019733,0.016898,0.0086226,-0.0068592,-0.017534,-0.024977,-0.043524,-0.079549,-0.10332,-0.13314,0.05095,0.052358,0.035644,0.024562,0.020753,0.013193,-0.0025401,-0.011652,-0.022648,-0.037106,-0.0583,-0.078875,-0.1255,0.050343,0.06201,0.046761,0.031579,0.023939,0.015835,0.0010616,-0.0098038,-0.025029,-0.038231,-0.043782,-0.059964,-0.10727,0.049528,0.066292,0.057267,0.041168,0.03049,0.018203,0.0036672,-0.01143,-0.032788,-0.046654,-0.038825,-0.04526,-0.084147,0.050144,0.066035,0.064979,0.052167,0.038839,0.021774,0.0016639,-0.017347,-0.042529,-0.057862,-0.039892,-0.033922,-0.059656,0.052462,0.062387,0.068069,0.06124,0.044835,0.025017,-0.0013689,-0.025009,-0.04918,-0.06277,-0.039131,-0.022894,-0.035598,0.054298,0.05963,0.067457,0.066671,0.048313,0.029767,0.0026544,-0.027183,-0.051405,-0.063046,-0.037212,-0.014642,0.051664,0.05807,0.066013,0.068603,0.053204,0.035403,0.011308,-0.0235,-0.050901,-0.061745,-0.031622,0.0030412,0.04507,0.054301,0.062304,0.066362,0.057675,0.041418,0.017047,-0.021552,-0.04986,-0.053308,0.038758,0.050497,0.057214,0.060329,0.057751,0.044875,0.018966,-0.023743,-0.050702,-0.04506,0.033731,0.044209,0.05295,0.053861,0.054202,0.043928,0.018139,-0.023566,-0.050268,0.029935,0.03623,0.045379,0.048283,0.04991,0.042013,0.018015,-0.016521,-0.045495,0.027221,0.028934,0.035532,0.041648,0.045831,0.041667,0.022989,-0.0030385,-0.036556,0.026326,0.023019,0.026895,0.034428,0.03957,0.04072,0.029873,0.010736,-0.023976,-0.051129,-0.046862,0.030315,0.021231,0.021041,0.027191,0.031142,0.036351,0.033417,0.020085,-0.0073464,-0.035557,0.036611,0.025575,0.020164,0.019831,0.021609,0.030532,0.033603,0.026604,0.012176,-0.0067839,-0.021331,0.040437,0.031418,0.022022,0.013669,0.012063,0.024282,0.031991,0.031114,0.030601,0.026313,0.005772,0.039035,0.032892,0.022964,0.0097522,0.0046505,0.018693,0.029939,0.033266,0.045137,0.05449,0.030047,0.030179,0.026567,0.019286,0.0064322,0.00036616,0.015241,0.028364,0.034453,0.054035,0.071029,0.042981,0.016246,0.01388,0.010238,0.0012614,-0.0033241,0.011167,0.026272,0.035579,0.057756,0.072504,0.0014016,0.0037307,0.004038,-0.0018969,-0.0060162,0.0071996,0.024792,0.038778,0.058715,0.063265,-0.010064,0.00013542,0.0067815,0.0042385,-0.0031541,0.0068886,0.026418,0.045401,0.05937,0.051458,-0.017481,-0.003629,0.0094082,0.011622,0.002439,0.0091805,0.032406,0.054982,0.061687,-0.022594,-0.011119,0.0032831,0.010276,0.0053039,0.015906,0.044469,0.063676,-0.023575,-0.015673,-0.0060045,0.0040236,0.014344,0.03683,0.060881,0.066575,-0.023599,-0.012479,-0.0070774,0.0026369,0.025427,0.05676,0.071722,-0.021786,-0.0019087,0.0059236,0.011508,0.031113,0.060362,-0.00040958,0.020788,0.030424,0.02689,0.031601
2010,-0.019103,-0.020179,-0.0064327,0.00012485,-0.00054544,-0.0013618,-0.0094226,-0.016794,-0.027018,-0.078842,-0.13935,-0.019854,-0.022274,-0.010759,-0.0012921,0.0029745,0.0013071,-0.011034,-0.013189,-0.020995,-0.08041,-0.15497,-0.019954,-0.020309,-0.01432,-0.0087171,-0.0013959,0.00040687,-0.012985,-0.017577,-0.02632,-0.083529,-0.17071,-0.019264,-0.016805,-0.014053,-0.015769,-0.0087222,-0.0020268,-0.013075,-0.023135,-0.0348,-0.084077,-0.17355,-0.18609,-0.018167,-0.015027,-0.011159,-0.014666,-0.011743,-0.0043988,-0.0135,-0.027356,-0.041267,-0.080151,-0.15935,-0.18491,-0.017986,-0.016756,-0.0083886,-0.009281,-0.011294,-0.0081398,-0.017936,-0.031302,-0.044087,-0.072333,-0.13096,-0.17187,-0.18662,-0.017064,-0.022148,-0.011848,-0.0075534,-0.012528,-0.014898,-0.026303,-0.037245,-0.045921,-0.063167,-0.10142,-0.14302,-0.18678,-0.013469,-0.026784,-0.022943,-0.013282,-0.017668,-0.023038,-0.034674,-0.04451,-0.049983,-0.056446,-0.070464,-0.10995,-0.17701,-0.0074873,-0.02445,-0.032185,-0.025095,-0.025931,-0.030458,-0.039966,-0.049684,-0.055793,-0.053074,-0.052857,-0.08312,-0.15711,0.00061739,-0.014794,-0.029583,-0.032918,-0.032149,-0.03553,-0.038884,-0.048465,-0.059196,-0.060012,-0.044838,-0.064969,-0.13336,0.0097018,-0.0012761,-0.018422,-0.030221,-0.034637,-0.036606,-0.032976,-0.041981,-0.060303,-0.070998,-0.051198,-0.052466,-0.10775,0.017105,0.011505,-0.0071475,-0.025325,-0.035028,-0.033444,-0.026288,-0.035565,-0.060845,-0.080555,-0.063727,-0.049842,-0.08193,0.022192,0.01824,0.0019645,-0.017619,-0.027938,-0.028896,-0.025233,-0.03485,-0.063912,-0.088714,-0.074133,-0.049552,-0.062506,0.027673,0.021245,0.0070299,-0.009236,-0.018245,-0.025382,-0.030902,-0.042035,-0.066255,-0.091773,-0.077145,-0.047824,0.034743,0.02765,0.013844,-0.0023118,-0.010993,-0.021644,-0.036854,-0.053339,-0.069918,-0.078094,-0.077296,-0.036675,0.041334,0.038286,0.025092,0.0053051,-0.0070315,-0.01743,-0.039218,-0.062554,-0.068437,-0.064995,0.043519,0.047329,0.036541,0.012764,-0.0044959,-0.013257,-0.037167,-0.066224,-0.068808,-0.05499,0.042304,0.04949,0.043622,0.022301,0.0015009,-0.008042,-0.029496,-0.060592,-0.064976,0.043281,0.048789,0.046264,0.034258,0.013521,0.00022948,-0.015746,-0.042894,-0.054856,0.048035,0.049563,0.047757,0.044894,0.029914,0.013638,0.0024218,-0.017303,-0.037052,0.052726,0.051573,0.050085,0.0514,0.044884,0.030688,0.021841,0.0091125,-0.012534,-0.028215,-0.030628,0.052869,0.051837,0.053337,0.054905,0.053023,0.046759,0.041182,0.031578,0.015441,-0.0018318,0.050881,0.05196,0.057222,0.060046,0.059056,0.058783,0.057618,0.049092,0.042022,0.032594,0.011977,0.054056,0.057462,0.064129,0.066565,0.065299,0.069042,0.068601,0.059249,0.060984,0.065612,0.045159,0.065454,0.066998,0.071874,0.071289,0.07067,0.078509,0.076502,0.06399,0.072993,0.093741,0.073176,0.07774,0.075075,0.076928,0.07776,0.077623,0.085587,0.083642,0.070513,0.083654,0.11092,0.086832,0.086965,0.084368,0.086009,0.090576,0.087705,0.089497,0.089668,0.083646,0.094957,0.1125,0.090628,0.093043,0.096188,0.10028,0.095312,0.092736,0.097387,0.10058,0.10409,0.10221,0.092249,0.099485,0.10266,0.10054,0.09351,0.095015,0.10874,0.11776,0.11101,0.089617,0.089717,0.097221,0.098164,0.093872,0.087296,0.098844,0.12351,0.13432,0.11704,0.07924,0.083728,0.084045,0.086732,0.091326,0.1123,0.13933,0.14161,0.06696,0.073437,0.077916,0.085902,0.10281,0.12808,0.14178,0.1287,0.059833,0.079738,0.090382,0.097438,0.11092,0.12812,0.12549,0.056441,0.093334,0.11173,0.10864,0.10668,0.11066,0.058587,0.098325,0.11502,0.10108,0.089015
2011,0.013723,0.015252,0.020754,0.036092,0.04763,0.057833,0.068214,0.062919,0.038701,-0.015952,-0.06965,0.017815,0.017845,0.021972,0.030915,0.044596,0.048616,0.049907,0.052206,0.041559,-0.014079,-0.080775,0.020929,0.019952,0.024242,0.023363,0.036032,0.041957,0.034416,0.035598,0.035382,-0.011626,-0.085325,0.022812,0.022568,0.02644,0.019127,0.024142,0.036818,0.029718,0.026766,0.030588,-0.004901,-0.07901,-0.10532,0.021241,0.02181,0.025498,0.018142,0.017413,0.033671,0.031663,0.026187,0.030532,0.0051117,-0.062169,-0.10771,0.02022,0.019615,0.022253,0.016954,0.015035,0.029954,0.033181,0.030659,0.036093,0.018974,-0.039857,-0.092533,-0.12093,0.02386,0.021197,0.021287,0.016861,0.014969,0.021927,0.029107,0.03274,0.042536,0.031759,-0.016387,-0.072253,-0.10378,0.030642,0.024973,0.021479,0.019647,0.016776,0.014323,0.020446,0.027415,0.039305,0.033839,0.00061572,-0.04438,-0.088158,0.034086,0.032757,0.024764,0.021844,0.019781,0.014883,0.013372,0.016112,0.022847,0.02185,0.01067,-0.012334,-0.061598,0.033105,0.0394,0.032503,0.023775,0.020428,0.016862,0.0091872,0.0050846,0.0023788,0.0033368,0.016429,0.014615,-0.033667,0.027978,0.037674,0.037114,0.027702,0.019312,0.011722,0.0052401,-0.00069961,-0.011438,-0.01145,0.013838,0.027519,-0.007243,0.02333,0.031426,0.036229,0.03213,0.021406,0.0055189,-0.00021148,-0.0039932,-0.01857,-0.01986,0.013792,0.031456,0.012246,0.023338,0.026658,0.034699,0.036718,0.025341,0.0036312,-0.0089028,-0.013115,-0.029026,-0.031739,0.00093408,0.023707,0.019867,0.026109,0.023047,0.032457,0.038005,0.027745,0.0047846,-0.017551,-0.031928,-0.049042,-0.048408,-0.018597,0.02307,0.029256,0.022196,0.027945,0.031959,0.023304,0.0028609,-0.027973,-0.056796,-0.074054,-0.067834,-0.033233,0.021017,0.03235,0.023995,0.022694,0.021382,0.01351,-0.0043481,-0.040519,-0.079641,-0.094331,-0.076116,0.03369,0.022306,0.015877,0.0092732,0.0012577,-0.013779,-0.048583,-0.090743,-0.10324,-0.081628,0.034327,0.018221,0.0092828,3.25E-05,-0.010668,-0.022291,-0.049309,-0.086053,-0.099216,0.033648,0.015389,0.0048038,-0.0054497,-0.018823,-0.028161,-0.044909,-0.070462,-0.087931,0.033348,0.013619,0.0008503,-0.0081344,-0.020853,-0.029311,-0.038354,-0.054148,-0.075511,0.034987,0.014844,-0.0019615,-0.0088805,-0.018044,-0.025476,-0.030773,-0.041756,-0.060662,-0.083375,-0.089161,0.034102,0.018816,0.0008949,-0.007438,-0.014204,-0.021129,-0.025469,-0.031445,-0.040314,-0.059412,0.030205,0.021523,0.0082777,-0.0039686,-0.0096746,-0.015817,-0.021737,-0.0225,-0.017002,-0.022518,-0.052159,0.026465,0.022513,0.016618,0.0012585,-0.0049471,-0.006424,-0.013723,-0.014531,0.0038318,0.012773,-0.016431,0.022727,0.020957,0.02122,0.0062357,0.00032981,0.0060703,-0.0010247,-0.0066123,0.019577,0.040447,0.013665,0.017187,0.015688,0.019401,0.010884,0.0071945,0.01737,0.011878,0.0016356,0.028126,0.053718,0.027266,0.012136,0.011657,0.017086,0.016862,0.013739,0.022272,0.020551,0.0091877,0.029253,0.046553,0.010855,0.012161,0.020052,0.025243,0.018354,0.020192,0.02278,0.017161,0.026488,0.025816,0.01414,0.017709,0.028192,0.033037,0.021607,0.017158,0.023976,0.028966,0.027681,0.0086986,0.01793,0.023976,0.033033,0.035623,0.02418,0.02001,0.03458,0.047036,0.038054,0.016673,0.023562,0.029392,0.032813,0.029825,0.036358,0.058361,0.065491,0.011485,0.018944,0.023642,0.031451,0.044247,0.064227,0.082359,0.074983,0.0098921,0.025509,0.033939,0.042856,0.062435,0.086647,0.09366,0.016578,0.047191,0.064804,0.065979,0.073539,0.09173,0.03249,0.066584,0.086517,0.079963,0.073182
2012,0.032571,0.033485,0.043786,0.032612,0.013195,0.0046127,-0.0022798,-0.0090209,-0.023067,-0.07145,-0.14944,0.044381,0.043833,0.051132,0.044599,0.028801,0.018448,0.0047902,-0.0023098,-0.014989,-0.073978,-0.15471,0.055669,0.058842,0.061118,0.050475,0.039589,0.030273,0.010287,-0.0025531,-0.01668,-0.084383,-0.17753,0.061072,0.068362,0.070533,0.054115,0.045024,0.040282,0.016597,-0.003119,-0.02105,-0.094374,-0.19661,-0.20775,0.058463,0.066827,0.071274,0.053812,0.044633,0.045828,0.025469,-0.00031777,-0.021444,-0.094707,-0.19564,-0.2257,0.053776,0.058916,0.066149,0.050972,0.041124,0.044425,0.032853,0.007675,-0.016298,-0.083838,-0.17807,-0.21469,-0.2251,0.052842,0.052097,0.059086,0.048799,0.036573,0.036126,0.031953,0.015504,-0.0088065,-0.066918,-0.1481,-0.18584,-0.22677,0.056829,0.051531,0.052557,0.045737,0.034506,0.027167,0.022957,0.014528,-0.0053512,-0.049265,-0.10807,-0.15113,-0.21503,0.062476,0.05988,0.051371,0.044147,0.037318,0.026774,0.014443,0.0053022,-0.010707,-0.037809,-0.073317,-0.11287,-0.18887,0.064656,0.070729,0.055158,0.04565,0.04128,0.033519,0.013582,-0.0022275,-0.018603,-0.036604,-0.046318,-0.076563,-0.14917,0.06492,0.074479,0.06138,0.050925,0.046408,0.038229,0.019571,0.00011159,-0.02031,-0.030184,-0.026592,-0.045465,-0.10982,0.063737,0.069195,0.063754,0.0583,0.054892,0.042749,0.025299,0.0077205,-0.01611,-0.022698,-0.015398,-0.018912,-0.071785,0.061187,0.060923,0.058978,0.05989,0.060403,0.048129,0.027114,0.0093187,-0.012908,-0.021777,-0.010786,-0.0072312,-0.042885,0.059296,0.055446,0.050797,0.051876,0.056193,0.048698,0.026473,0.00049886,-0.019698,-0.026028,-0.013377,-0.024801,0.05855,0.054716,0.045724,0.039437,0.043712,0.044263,0.024443,-0.010578,-0.033745,-0.035246,-0.015032,-0.013904,0.056437,0.054957,0.044908,0.029599,0.029083,0.038473,0.023424,-0.017479,-0.048397,-0.043695,0.05413,0.05322,0.045736,0.026463,0.019135,0.031563,0.023588,-0.019504,-0.052555,-0.047266,0.054461,0.053065,0.046711,0.028172,0.017733,0.025117,0.022413,-0.014265,-0.050547,0.05564,0.053922,0.04763,0.033606,0.023362,0.023463,0.022028,-0.0016891,-0.040368,0.059701,0.056319,0.047833,0.04131,0.032025,0.025389,0.023882,0.012874,-0.025584,0.065658,0.062437,0.051721,0.048785,0.04171,0.028499,0.025719,0.021959,-0.010067,-0.047696,-0.0522,0.068121,0.067426,0.059586,0.054967,0.048436,0.032594,0.025613,0.023995,0.0066171,-0.021284,0.065119,0.068781,0.066146,0.058145,0.048843,0.036314,0.027383,0.026769,0.027282,0.019759,0.0010648,0.059894,0.067034,0.067878,0.058262,0.044655,0.038672,0.034514,0.035395,0.05084,0.062643,0.037129,0.052828,0.060668,0.064021,0.055332,0.041861,0.04355,0.046297,0.048166,0.069605,0.092042,0.065178,0.043404,0.04993,0.056708,0.05095,0.04012,0.049851,0.058226,0.059132,0.079876,0.10546,0.080719,0.032336,0.038079,0.048568,0.048091,0.039177,0.051221,0.064961,0.065877,0.084161,0.10588,0.022733,0.030836,0.045885,0.052057,0.043581,0.048985,0.065019,0.070128,0.085301,0.096274,0.021368,0.030219,0.047995,0.057679,0.048909,0.046986,0.063094,0.074839,0.087294,0.084805,0.024127,0.031479,0.047472,0.057128,0.050385,0.049571,0.067452,0.083698,0.092774,0.022663,0.02849,0.039534,0.051316,0.054576,0.063275,0.082776,0.096319,0.013812,0.022769,0.031801,0.046921,0.066087,0.086937,0.10232,0.10194,-0.00051934,0.019246,0.034642,0.052195,0.078652,0.10616,0.11248,-0.0024665,0.029416,0.049801,0.062601,0.082338,0.10884,0.015363,0.049329,0.067051,0.068712,0.074192
2013,0.024699,0.025786,0.035112,0.036065,0.027649,0.020607,0.014966,0.0072015,-0.0038569,-0.054567,-0.12317,0.025438,0.024352,0.038645,0.041929,0.037258,0.026342,0.013692,0.011655,0.0057305,-0.053879,-0.13501,0.029005,0.027372,0.042212,0.046235,0.044557,0.036179,0.018861,0.014606,0.0085295,-0.05386,-0.15055,0.037519,0.039512,0.049232,0.048384,0.0452,0.042912,0.026627,0.017561,0.0094422,-0.052497,-0.15366,-0.16884,0.046091,0.049881,0.055947,0.050157,0.044927,0.044885,0.029517,0.016316,0.009316,-0.048734,-0.1431,-0.18151,0.05041,0.050967,0.057484,0.053152,0.046394,0.040998,0.023805,0.0090034,0.0057903,-0.043323,-0.12067,-0.16705,-0.18417,0.053455,0.048109,0.051443,0.05017,0.043274,0.031275,0.011646,-0.0031854,-0.0047629,-0.040864,-0.095024,-0.13776,-0.18239,0.057524,0.046767,0.039809,0.040666,0.034991,0.019942,-0.0018772,-0.018604,-0.022622,-0.045327,-0.076789,-0.11347,-0.17571,0.062893,0.05426,0.036937,0.031085,0.0267,0.011299,-0.01352,-0.035049,-0.043611,-0.053749,-0.062231,-0.087915,-0.15472,0.066964,0.066656,0.04686,0.031037,0.021252,0.0021326,-0.024553,-0.049974,-0.062654,-0.061808,-0.05511,-0.066683,-0.12753,0.069329,0.075344,0.056932,0.036219,0.020538,-0.0075653,-0.035978,-0.062591,-0.07876,-0.074047,-0.052663,-0.051676,-0.099029,0.071018,0.079105,0.065063,0.039678,0.021403,-0.011586,-0.044339,-0.071201,-0.091582,-0.088785,-0.05727,-0.045332,-0.074724,0.071443,0.074261,0.068872,0.046684,0.023745,-0.0067947,-0.045929,-0.076278,-0.10069,-0.10284,-0.068097,-0.044676,-0.056792,0.072182,0.067171,0.064357,0.052745,0.030047,0.0024061,-0.039163,-0.077274,-0.10458,-0.10713,-0.076702,-0.044566,0.072338,0.064894,0.059093,0.05423,0.040165,0.015409,-0.02446,-0.070706,-0.099696,-0.10656,-0.074287,-0.035937,0.067741,0.065483,0.057164,0.053047,0.04909,0.03155,-0.0066757,-0.05785,-0.086423,-0.088616,0.058644,0.064485,0.059212,0.052535,0.05231,0.043458,0.0093599,-0.041159,-0.069789,-0.069885,0.051133,0.060772,0.060467,0.055817,0.054254,0.050813,0.025021,-0.019821,-0.051308,0.048212,0.057232,0.058453,0.058765,0.058208,0.056719,0.03944,0.0039556,-0.031979,0.049172,0.056586,0.057153,0.060098,0.063158,0.06061,0.048371,0.023893,-0.013004,0.053901,0.057338,0.055971,0.060663,0.067562,0.063573,0.051066,0.036423,0.0055756,-0.029522,-0.048525,0.053587,0.055613,0.052556,0.057918,0.066925,0.063381,0.049542,0.042916,0.024498,-0.008012,0.047227,0.050888,0.04916,0.053559,0.061326,0.061882,0.050834,0.047115,0.042211,0.022817,-0.0096984,0.042306,0.04901,0.049826,0.050834,0.054773,0.063,0.058317,0.052583,0.057006,0.056079,0.020855,0.038873,0.048238,0.052151,0.050356,0.052661,0.067873,0.068766,0.05948,0.069187,0.084846,0.045674,0.035896,0.044925,0.052394,0.052009,0.056783,0.075576,0.078149,0.065495,0.076733,0.097884,0.056491,0.032263,0.03775,0.048817,0.054757,0.062488,0.079275,0.083286,0.070212,0.078125,0.088435,0.025074,0.030195,0.044176,0.055027,0.060601,0.073085,0.081593,0.073888,0.073253,0.065632,0.0185,0.024862,0.039963,0.05148,0.051577,0.060643,0.075397,0.075254,0.066873,0.045993,0.015519,0.022353,0.034346,0.043352,0.041149,0.049892,0.071603,0.077382,0.064065,0.011133,0.017576,0.026137,0.033452,0.034501,0.04875,0.076434,0.081273,0.00017297,0.008549,0.016963,0.024863,0.034664,0.059491,0.085737,0.081374,-0.012037,0.0055211,0.017723,0.026372,0.04049,0.068662,0.085679,-0.014878,0.016679,0.034096,0.038485,0.044898,0.063884,0.0059328,0.038898,0.054547,0.04958,0.045097
2014,0.0032148,0.0057568,0.01945,0.025209,0.026068,0.025961,0.014361,0.0008841,-0.0092368,-0.037219,-0.077823,0.0034173,0.0079904,0.018849,0.023628,0.027103,0.023512,0.0085753,-0.0010053,-0.0054711,-0.040515,-0.087893,-0.0024756,0.0056613,0.01567,0.017631,0.024851,0.022949,0.0078323,-0.0034165,-0.0047115,-0.045342,-0.099699,-0.011756,-0.002421,0.010572,0.011825,0.020304,0.025437,0.011839,-0.0024354,-0.0046568,-0.045998,-0.1046,-0.09485,-0.018306,-0.012072,0.0031877,0.0071564,0.013079,0.0254,0.016255,0.002306,-0.0039108,-0.042297,-0.10131,-0.1065,-0.018098,-0.019732,-0.0070549,0.0016952,0.0053946,0.018924,0.016148,0.0046177,-0.005587,-0.040006,-0.092577,-0.10833,-0.10837,-0.012965,-0.0236,-0.018714,-0.0081623,-0.0027516,0.0062737,0.0080234,-0.0012309,-0.014704,-0.043791,-0.083587,-0.10412,-0.1204,-0.0093864,-0.024201,-0.02826,-0.021076,-0.013279,-0.0084128,-0.0067787,-0.015368,-0.030226,-0.053176,-0.078103,-0.098735,-0.12631,-0.0074169,-0.020673,-0.032868,-0.033365,-0.027302,-0.022358,-0.022335,-0.031814,-0.046064,-0.063303,-0.077568,-0.090746,-0.12903,-0.0072325,-0.014221,-0.030887,-0.042316,-0.043501,-0.037383,-0.034974,-0.043921,-0.057059,-0.07038,-0.075256,-0.082321,-0.12391,-0.0074849,-0.010873,-0.024099,-0.044396,-0.055003,-0.052698,-0.044171,-0.048595,-0.061481,-0.072629,-0.075851,-0.076858,-0.10799,-0.0030674,-0.0086459,-0.016616,-0.03717,-0.056455,-0.059458,-0.047315,-0.045698,-0.059149,-0.069539,-0.074703,-0.066026,-0.081267,0.0071292,-0.0017205,-0.0079713,-0.02249,-0.045903,-0.053836,-0.044779,-0.039786,-0.05328,-0.065734,-0.06324,-0.049637,-0.056095,0.020676,0.011993,0.0030619,-0.0078373,-0.030908,-0.041937,-0.037729,-0.035684,-0.049141,-0.063962,-0.056216,-0.033688,0.031046,0.026356,0.016259,0.0057525,-0.011462,-0.024742,-0.027126,-0.033786,-0.047689,-0.052879,-0.039555,-0.016681,0.039701,0.041089,0.03468,0.024224,0.013243,-0.0023627,-0.015454,-0.030486,-0.044282,-0.041174,0.046628,0.055213,0.054636,0.04375,0.031608,0.01864,-2.20E-05,-0.018765,-0.033649,-0.029047,0.052801,0.064369,0.068406,0.060371,0.048349,0.040167,0.023118,0.0025391,-0.018775,0.061837,0.071146,0.075672,0.074619,0.066667,0.058756,0.047873,0.028464,-0.0043032,0.069802,0.075275,0.07601,0.081624,0.079091,0.070406,0.06675,0.050526,0.008512,0.070839,0.072144,0.068509,0.079009,0.083104,0.076034,0.076166,0.061508,0.020518,-0.021119,-0.031386,0.067823,0.067743,0.062257,0.073193,0.080891,0.07648,0.075652,0.061824,0.031288,-0.0039343,0.067265,0.070255,0.065826,0.071644,0.07731,0.073461,0.069508,0.057598,0.041207,0.021026,-7.41E-05,0.070316,0.074517,0.074003,0.075025,0.075754,0.072446,0.064344,0.053532,0.051506,0.046969,0.02333,0.077394,0.079386,0.082274,0.081392,0.077421,0.074698,0.062648,0.051054,0.059864,0.065562,0.040309,0.083006,0.08502,0.088273,0.086983,0.080672,0.076395,0.062908,0.049549,0.061559,0.069588,0.044937,0.07712,0.079856,0.084598,0.085748,0.080293,0.072168,0.059455,0.047698,0.056268,0.059695,0.063358,0.067634,0.075541,0.079924,0.074273,0.061602,0.051267,0.045962,0.050277,0.04569,0.047141,0.054259,0.064898,0.071599,0.064839,0.052154,0.046526,0.049139,0.050596,0.03677,0.032757,0.039404,0.048896,0.057604,0.053984,0.047558,0.050436,0.058429,0.056406,0.021189,0.024712,0.02912,0.037761,0.042254,0.050085,0.061332,0.066905,0.0069038,0.01119,0.011469,0.016978,0.031983,0.055789,0.070436,0.066441,-0.010423,0.0018277,0.0046708,0.0060686,0.024476,0.055331,0.071019,-0.020099,0.0016182,0.013703,0.010927,0.02053,0.048044,-0.010887,0.013744,0.031747,0.025363,0.020516
2015,-0.017508,-0.020546,-0.00073492,0.0070587,0.0055335,0.0068206,0.0057079,0.00079812,-0.010231,-0.041424,-0.071664,-0.014618,-0.020923,-0.0074346,0.0020965,0.00020482,-0.0016157,-0.0050547,-0.0026229,-0.0033424,-0.037707,-0.078053,-0.013725,-0.017418,-0.012281,-0.0072626,-0.0051016,-0.0066211,-0.016984,-0.01682,-0.010936,-0.04357,-0.087804,-0.016381,-0.015272,-0.01339,-0.016584,-0.014779,-0.012904,-0.027177,-0.03376,-0.027488,-0.056615,-0.098766,-0.091957,-0.022719,-0.022244,-0.018356,-0.025649,-0.028487,-0.024525,-0.03585,-0.046998,-0.045628,-0.070939,-0.10696,-0.10369,-0.026774,-0.033728,-0.028556,-0.034358,-0.041072,-0.037561,-0.044136,-0.055635,-0.060182,-0.081187,-0.10888,-0.10895,-0.10929,-0.026134,-0.042455,-0.040617,-0.041911,-0.047771,-0.048758,-0.052474,-0.062339,-0.069662,-0.085558,-0.10373,-0.10947,-0.11251,-0.025349,-0.046949,-0.049772,-0.046406,-0.048869,-0.055534,-0.060642,-0.069828,-0.076673,-0.085734,-0.094297,-0.10429,-0.11985,-0.026047,-0.045906,-0.052454,-0.046022,-0.046041,-0.055339,-0.064679,-0.075715,-0.084175,-0.085808,-0.087497,-0.095743,-0.12118,-0.026086,-0.040574,-0.049099,-0.044027,-0.04069,-0.046743,-0.0587,-0.075322,-0.091299,-0.090966,-0.082216,-0.084453,-0.11392,-0.022652,-0.032739,-0.042421,-0.041945,-0.034647,-0.035272,-0.045782,-0.066846,-0.093173,-0.10131,-0.082628,-0.070759,-0.097025,-0.016334,-0.02328,-0.031727,-0.034821,-0.028644,-0.027197,-0.034267,-0.054227,-0.085258,-0.099995,-0.085149,-0.060124,-0.071901,-0.0088774,-0.013437,-0.019338,-0.02365,-0.023367,-0.023218,-0.027646,-0.042705,-0.068962,-0.087005,-0.073346,-0.052037,-0.047025,-0.0019401,-0.0060453,-0.010698,-0.015014,-0.018813,-0.019552,-0.024212,-0.034946,-0.052127,-0.070233,-0.064383,-0.028966,0.0032419,-0.0013665,-0.0067131,-0.011973,-0.014211,-0.013601,-0.019936,-0.030132,-0.040268,-0.051537,-0.045343,-0.010752,0.0075194,0.002307,-0.0038372,-0.0095654,-0.00948,-0.0066713,-0.013044,-0.024853,-0.031899,-0.037509,0.014004,0.010464,0.0051364,-0.0010685,-0.0016291,0.0029848,-0.00080272,-0.014271,-0.023868,-0.026492,0.025843,0.024244,0.021277,0.015232,0.01263,0.017581,0.01716,0.0041523,-0.013331,0.040132,0.038976,0.03668,0.032763,0.03108,0.035019,0.037081,0.025493,-0.00085446,0.056557,0.054099,0.049592,0.048456,0.048086,0.050318,0.053929,0.045736,0.013919,0.073309,0.07016,0.062307,0.061404,0.058937,0.058823,0.064936,0.061855,0.031621,-0.005251,-0.013536,0.084338,0.083071,0.073853,0.068978,0.062746,0.059955,0.067893,0.070023,0.049752,0.015918,0.089244,0.092488,0.085945,0.076004,0.065175,0.060468,0.065396,0.069575,0.064305,0.042252,0.016669,0.094578,0.099234,0.096376,0.085193,0.072787,0.067156,0.064662,0.066062,0.073095,0.066414,0.034471,0.10217,0.10343,0.1021,0.092798,0.08333,0.079367,0.071171,0.064612,0.075472,0.079802,0.044731,0.11046,0.10557,0.10375,0.098246,0.091241,0.089173,0.078,0.064011,0.071985,0.078028,0.044383,0.11453,0.10774,0.10597,0.10296,0.095013,0.090363,0.076948,0.061833,0.064972,0.064215,0.11089,0.10912,0.10864,0.10566,0.094583,0.084318,0.072369,0.061845,0.059406,0.048075,0.099565,0.10373,0.10576,0.10063,0.088057,0.077116,0.072907,0.069643,0.060179,0.037779,0.086241,0.092095,0.09386,0.087809,0.077355,0.073901,0.080165,0.081384,0.065395,0.067897,0.072938,0.075346,0.07337,0.070692,0.078455,0.088381,0.085271,0.04342,0.048956,0.055606,0.061102,0.069067,0.086985,0.09346,0.079986,0.021298,0.032587,0.045055,0.055202,0.066961,0.085676,0.087803,0.01231,0.030421,0.047923,0.055504,0.05958,0.070971,0.021299,0.039142,0.054079,0.05409,0.048496
2016,-0.024123,-0.020311,-0.0097902,-0.015492,-0.033217,-0.055187,-0.072451,-0.083878,-0.10496,-0.13829,-0.16605,-0.023749,-0.021338,-0.009915,-0.011014,-0.022182,-0.044754,-0.07219,-0.082405,-0.09985,-0.14934,-0.18406,-0.021086,-0.017438,-0.011408,-0.011531,-0.016228,-0.033337,-0.0688,-0.088727,-0.10229,-0.16127,-0.21756,-0.018744,-0.010366,-0.008489,-0.012646,-0.012724,-0.023221,-0.057781,-0.087912,-0.10375,-0.16693,-0.2387,-0.23156,-0.018193,-0.0054728,-0.0011065,-0.0069035,-0.0074568,-0.014416,-0.041881,-0.072764,-0.093695,-0.1575,-0.23783,-0.2528,-0.01842,-0.0045971,0.0060385,0.0048223,0.003267,-0.0032825,-0.024461,-0.048731,-0.070918,-0.13314,-0.21533,-0.25158,-0.22862,-0.016602,-0.0052643,0.010229,0.015967,0.016944,0.010117,-0.0068444,-0.025155,-0.044947,-0.10085,-0.1796,-0.23243,-0.24921,-0.013581,-0.0043794,0.011953,0.023043,0.027317,0.019638,0.0040546,-0.01036,-0.025424,-0.071697,-0.1415,-0.22071,-0.26422,-0.012048,-0.0015797,0.01317,0.026049,0.032032,0.022,0.0055162,-0.0038039,-0.015049,-0.052684,-0.10992,-0.19226,-0.25943,-0.011176,0.0023877,0.015202,0.026888,0.032884,0.021792,0.0053693,0.00026766,-0.010099,-0.042608,-0.090759,-0.15326,-0.23027,-0.010926,0.0037089,0.016523,0.026167,0.030881,0.020526,0.0070335,0.0036931,-0.0058395,-0.035098,-0.079163,-0.11993,-0.18792,-0.010481,0.0014088,0.014618,0.023679,0.028276,0.020056,0.0097115,0.0073665,0.0011776,-0.025586,-0.064442,-0.093203,-0.13331,-0.0086694,-0.0039789,0.0088216,0.020166,0.027542,0.02213,0.012479,0.01151,0.0090177,-0.015156,-0.044243,-0.064638,-0.085228,-0.0043199,-0.0083316,0.0014755,0.015441,0.026071,0.023784,0.014265,0.013923,0.012935,-0.0064941,-0.027206,-0.045707,0.002154,-0.006296,-0.0024183,0.010372,0.023218,0.0243,0.015229,0.012709,0.011099,-0.0015344,-0.0078845,-0.015395,0.013227,0.00063189,-0.00078132,0.0089874,0.021436,0.025945,0.017365,0.0092466,0.0060396,0.0011431,0.027485,0.012269,0.0057796,0.012707,0.021043,0.0279,0.021904,0.0092439,0.0032715,0.0054618,0.043457,0.029683,0.020733,0.022781,0.025853,0.030953,0.030566,0.018965,0.0093325,0.064409,0.05333,0.044726,0.043455,0.041267,0.041304,0.043939,0.0392,0.02403,0.090475,0.082458,0.069966,0.06669,0.065019,0.059969,0.063345,0.06533,0.041048,0.11173,0.10744,0.091403,0.08836,0.090959,0.084348,0.08713,0.089236,0.056859,0.01511,0.0056263,0.12242,0.12255,0.11154,0.11021,0.1115,0.10448,0.10455,0.10166,0.070627,0.028219,0.12578,0.13308,0.12863,0.12477,0.11863,0.11246,0.10981,0.1023,0.081861,0.05221,0.029343,0.12255,0.13265,0.13272,0.12681,0.11561,0.11132,0.10941,0.098411,0.090443,0.081081,0.053626,0.11702,0.12316,0.12368,0.1183,0.1097,0.10972,0.10795,0.094812,0.09612,0.10544,0.074682,0.11013,0.10989,0.10798,0.10408,0.10211,0.10747,0.10619,0.092811,0.098934,0.11568,0.084016,0.09954,0.097608,0.095293,0.091644,0.091456,0.099254,0.10146,0.093285,0.099829,0.11003,0.09065,0.09305,0.092455,0.086447,0.08176,0.08818,0.096098,0.098024,0.10062,0.095937,0.0813,0.090078,0.09389,0.088018,0.079189,0.083919,0.098204,0.10729,0.10175,0.081694,0.065741,0.075647,0.08326,0.083631,0.081137,0.091578,0.11187,0.11844,0.10106,0.050676,0.054251,0.060002,0.068202,0.080083,0.10619,0.12702,0.11906,0.041332,0.042682,0.045231,0.055528,0.077289,0.11131,0.12276,0.10149,0.037622,0.050682,0.055205,0.060354,0.076019,0.098416,0.10153,0.041685,0.071386,0.084859,0.079952,0.075039,0.080356,0.050049,0.086004,0.10311,0.090659,0.070791
2017,0.043323,0.046926,0.059701,0.064777,0.060873,0.052198,0.046615,0.039443,0.022217,-0.013991,-0.057132,0.048984,0.052,0.06166,0.068386,0.072056,0.067749,0.054603,0.049971,0.039567,-0.0019328,-0.057114,0.052701,0.059504,0.065639,0.070117,0.076443,0.079708,0.062809,0.050358,0.044252,0.0060121,-0.053384,0.050648,0.06381,0.072226,0.071904,0.075477,0.083572,0.070316,0.049317,0.043186,0.011875,-0.047062,-0.066665,0.047658,0.064542,0.078469,0.073948,0.072719,0.082128,0.074482,0.051104,0.042713,0.017654,-0.038593,-0.06812,0.051235,0.062403,0.078158,0.075579,0.072107,0.077992,0.072053,0.052968,0.044291,0.023499,-0.028645,-0.065289,-0.064383,0.055693,0.059035,0.07236,0.076556,0.074627,0.071361,0.062587,0.049753,0.043814,0.026191,-0.019477,-0.059937,-0.068086,0.061028,0.058785,0.064776,0.07127,0.073351,0.064867,0.051733,0.041386,0.036005,0.020876,-0.014635,-0.053517,-0.067576,0.063112,0.059207,0.056554,0.06125,0.067458,0.060743,0.045863,0.033182,0.022162,0.007598,-0.013709,-0.039418,-0.06576,0.05797,0.058089,0.052992,0.054665,0.059929,0.057965,0.045543,0.02674,0.0070956,-0.0079054,-0.015201,-0.03402,-0.066395,0.049268,0.055978,0.055777,0.052187,0.051985,0.053034,0.044208,0.020905,-0.0065684,-0.022277,-0.01794,-0.020398,-0.052336,0.040464,0.050374,0.057637,0.052361,0.047106,0.04568,0.03724,0.013269,-0.01787,-0.038246,-0.027065,-0.017678,-0.035972,0.03577,0.042011,0.052372,0.053195,0.045697,0.038167,0.026567,0.0039543,-0.0278,-0.050794,-0.035032,-0.012389,-0.021381,0.035979,0.037042,0.04435,0.049215,0.041955,0.030826,0.015249,-0.0080526,-0.03778,-0.058505,-0.039079,-0.0082673,0.039142,0.039508,0.039961,0.041003,0.032812,0.022035,0.0045045,-0.021802,-0.048222,-0.063173,-0.04224,0.00031149,0.039908,0.042993,0.039977,0.032958,0.021697,0.011587,-0.0071358,-0.03548,-0.057341,-0.059113,0.035921,0.044391,0.041967,0.02936,0.013158,0.00077008,-0.018626,-0.046202,-0.063353,-0.058975,0.029903,0.043063,0.044016,0.030441,0.010701,-0.0059434,-0.024834,-0.049412,-0.06528,0.022926,0.035363,0.039786,0.03229,0.014495,-0.001329,-0.020878,-0.042536,-0.061539,0.016049,0.02485,0.030942,0.032154,0.021902,0.011121,-0.0060682,-0.027269,-0.052507,0.0093917,0.015716,0.021621,0.028757,0.0274,0.021236,0.010364,-0.0095333,-0.038637,-0.068364,-0.074048,0.0027301,0.0088104,0.015482,0.023809,0.027111,0.025456,0.020179,0.0047924,-0.020866,-0.049418,-0.001269,0.0047394,0.013539,0.019037,0.022023,0.024515,0.021811,0.011892,-0.0027253,-0.019266,-0.034513,0.00015127,0.002797,0.012789,0.014681,0.014468,0.020039,0.018769,0.013028,0.012562,0.011172,-0.0061453,0.0054768,0.001393,0.010137,0.011764,0.0090115,0.016081,0.015944,0.012874,0.024406,0.035119,0.016097,0.011071,0.0011498,0.0071739,0.011823,0.0094407,0.016216,0.017469,0.015411,0.032354,0.048594,0.028764,0.014793,0.0052034,0.0089217,0.015717,0.014796,0.020688,0.023476,0.022247,0.038185,0.049956,0.018299,0.01404,0.01715,0.021856,0.019218,0.025239,0.030342,0.033839,0.044791,0.043834,0.023566,0.022647,0.025793,0.026697,0.020507,0.027475,0.038672,0.049878,0.054404,0.039165,0.028216,0.027007,0.028044,0.026883,0.020868,0.031663,0.054689,0.069496,0.066314,0.027611,0.025279,0.023966,0.024888,0.024849,0.045431,0.075343,0.08248,0.023694,0.022976,0.020834,0.023957,0.036902,0.067999,0.089511,0.079544,0.024256,0.032248,0.031427,0.033416,0.053841,0.083635,0.089326,0.031063,0.055702,0.062278,0.055847,0.063858,0.082547,0.045831,0.075638,0.086251,0.068943,0.060793
2018,0.021803,0.028672,0.046363,0.066554,0.079068,0.086073,0.085005,0.081313,0.068916,0.029133,-0.022878,0.019599,0.030528,0.04649,0.067496,0.08292,0.088008,0.079455,0.074327,0.071221,0.03082,-0.0276,0.017671,0.032145,0.047127,0.064193,0.082424,0.091418,0.075912,0.060143,0.057633,0.023414,-0.032611,0.016185,0.030065,0.048072,0.062218,0.080211,0.092485,0.076532,0.049968,0.041831,0.016414,-0.02986,-0.044657,0.013953,0.025942,0.046123,0.06098,0.077569,0.090385,0.078905,0.050678,0.038304,0.020569,-0.014573,-0.035348,0.013643,0.023081,0.042294,0.056418,0.070277,0.081828,0.076529,0.05799,0.048145,0.037189,0.011204,-0.016719,-0.032485,0.016247,0.020882,0.037191,0.050112,0.059255,0.067578,0.067078,0.062372,0.063784,0.056802,0.036599,0.003879,-0.026637,0.018102,0.021117,0.030792,0.043839,0.051069,0.053935,0.054966,0.060521,0.071527,0.066581,0.049889,0.018695,-0.018655,0.019874,0.023809,0.027255,0.037154,0.046559,0.046029,0.04569,0.055278,0.067281,0.062991,0.051785,0.02746,-0.010657,0.023238,0.026246,0.026312,0.031403,0.042068,0.042001,0.040009,0.048079,0.05562,0.051534,0.047837,0.031438,-0.0005912,0.023133,0.024908,0.02438,0.026992,0.035172,0.035764,0.033424,0.038349,0.040815,0.038161,0.04087,0.036568,0.010399,0.01979,0.017911,0.019913,0.022621,0.026815,0.024715,0.022208,0.025056,0.025219,0.025324,0.030775,0.041589,0.028392,0.017258,0.010908,0.012554,0.017697,0.018602,0.013216,0.0090102,0.0095795,0.010421,0.013413,0.022682,0.029646,0.030378,0.013084,0.0072915,0.0068812,0.011936,0.010564,0.0046423,-0.0016899,-0.0060394,-0.0054289,0.00020582,0.00989,0.031944,0.004178,0.0020918,0.0025295,0.0052467,0.0021416,-0.0020962,-0.0098883,-0.021742,-0.025208,-0.015573,0.0013676,0.038361,-0.0052444,-0.0061989,-0.0040875,-0.0037013,-0.0076644,-0.0083965,-0.017054,-0.036567,-0.043416,-0.027753,-0.011358,-0.01077,-0.0085413,-0.010283,-0.015836,-0.015138,-0.023179,-0.046625,-0.053294,-0.033574,-0.0081455,-0.0052996,-0.0041594,-0.008418,-0.016967,-0.019754,-0.026699,-0.0467,-0.052671,0.00087832,0.0034114,0.0047668,0.00017955,-0.0097865,-0.016682,-0.022722,-0.035453,-0.044937,0.0091383,0.009219,0.010789,0.0092944,0.0016605,-0.007205,-0.011072,-0.017182,-0.035171,0.01708,0.015917,0.014559,0.014922,0.010013,0.001899,0.00077788,-0.001599,-0.024971,-0.048842,-0.048046,0.017503,0.019333,0.018676,0.016756,0.012025,0.0063883,0.0063811,0.0064088,-0.012485,-0.037671,0.011495,0.016915,0.020957,0.017463,0.010249,0.0071176,0.0063358,0.0080295,0.0023678,-0.011649,-0.027695,0.0066835,0.012638,0.021023,0.017119,0.0075919,0.0060334,0.0052273,0.0066108,0.017194,0.021261,-0.0040211,0.0060777,0.0087026,0.020565,0.017561,0.0067019,0.0048572,0.0047729,0.0068049,0.030535,0.048158,0.018137,0.008142,0.0051423,0.015693,0.015581,0.006001,0.0052169,0.0051836,0.0098271,0.040594,0.061122,0.032446,0.0096411,0.0050386,0.010111,0.012306,0.0066263,0.0075468,0.0079374,0.014471,0.043896,0.057436,0.0091758,0.0059528,0.010407,0.012812,0.0090074,0.010116,0.01129,0.019152,0.039399,0.040409,0.011433,0.0078328,0.01275,0.014798,0.010153,0.011095,0.015434,0.02511,0.032895,0.020486,0.019026,0.012652,0.012853,0.014258,0.011352,0.015467,0.026137,0.034554,0.030257,0.025131,0.014387,0.0083658,0.0099402,0.012506,0.024766,0.042415,0.042473,0.022619,0.013628,0.0052349,0.0064264,0.016049,0.037095,0.054591,0.043969,0.014319,0.023007,0.02115,0.020905,0.029488,0.047563,0.057022,0.0069109,0.039633,0.051653,0.048387,0.043809,0.050257,0.012355,0.051418,0.070437,0.062462,0.048075